FECHA (YYMMDD);HORA (HHMM);Registros validados;Registros preliminares;Registros no validados;
191130;0100;;;6,6;
191130;0200;;;3,6;
191130;0300;;;2,9;
191130;0400;;;4,3;
191130;0500;;;5,6;
191130;0600;;;8;
191130;0700;;;23,7;
191130;0800;;;37,5;
191130;0900;;;14;
191130;1000;;;7;
191130;1100;;;4,1;
191130;1200;;;12,8;
191130;1300;;;8,3;
191130;1400;;;16,6;
191130;1500;;;39,5;
191130;1600;;;30,1;
191130;1700;;;18,1;
191130;1800;;;10,6;
191130;1900;;;11,2;
191130;2000;;;4,9;
191130;2100;;;7,4;
191130;2200;;;4,6;
191130;2300;;;8,8;
191201;0000;;;9;
191201;0100;;;9,3;
191201;0200;;;4,4;
191201;0300;;;5,4;
191201;0400;;;6;
191201;0500;;;11,2;
191201;0600;;;11,1;
191201;0700;;;9,39999;
191201;0800;;;6,4;
191201;0900;;;6,2;
191201;1000;;;5,7;
191201;1100;;;39,2;
191201;1200;;;18,1;
191201;1300;;;8;
191201;1400;;;45,6;
191201;1500;;;60,9;
191201;1600;;;43,7;
191201;1700;;;32,5;
191201;1800;;;9,3;
191201;1900;;;10,5;
191201;2000;;;3,2;
191201;2100;;;7,8;
191201;2200;;;5,9;
191201;2300;;;2,9;
191202;0000;;;1,6;
191202;0100;;;4,4;
191202;0200;;;6,1;
191202;0300;;;3,8;
191202;0400;;;2,6;
191202;0500;;;3;
191202;0600;;;7;
191202;0700;;;9,5;
191202;0800;;;15,3;
191202;0900;;;16,1;
191202;1000;;;14,8;
191202;1100;;;23,4;
191202;1200;;;10,7;
191202;1300;;;36,8;
191202;1400;;;28,8;
191202;1500;;;28,9;
191202;1600;;;6,4;
191202;1700;;;7,2;
191202;1800;;;5;
191202;1900;;;7,4;
191202;2000;;;11,5;
191202;2100;;;4,2;
191202;2200;;;2,2;
191202;2300;;;5,2;
191203;0000;;;4,6;
191203;0100;;;5,9;
191203;0200;;;4,3;
191203;0300;;;4,7;
191203;0400;;;2,5;
191203;0500;;;5,3;
191203;0600;;;6,9;
191203;0700;;;5,4;
191203;0800;;;8,89999;
191203;0900;;;10;
191203;1000;;;69,3;
191203;1100;;;3,5;
191203;1200;;;1,6;
191203;1300;;;3,2;
191203;1400;;;1;
191203;1500;;;1,1;
191203;1600;;;1;
191203;1700;;;1;
191203;1800;;;3,1;
191203;1900;;;6,5;
191203;2000;;;7,5;
191203;2100;;;4,6;
191203;2200;;;5;
191203;2300;;;4,2;
191204;0000;;;4,6;
191204;0100;;;5,3;
191204;0200;;;5,4;
191204;0300;;;8,39999;
191204;0400;;;13;
191204;0500;;;12,3;
191204;0600;;;14,5;
191204;0700;;;19,8;
191204;0800;;;17,5;
191204;0900;;;16,1;
191204;1000;;;8,10001;
191204;1100;;;7;
191204;1200;;;38,6;
191204;1300;;;33,6;
191204;1400;;;23,3;
191204;1500;;;18,3;
191204;1600;;;2,4;
191204;1700;;;2,2;
191204;1800;;;3,7;
191204;1900;;;3,8;
191204;2000;;;13,8;
191204;2100;;;9,89999;
191204;2200;;;10;
191204;2300;;;8;
191205;0000;;;9,7;
191205;0100;;;8,10001;
191205;0200;;;9,89999;
191205;0300;;;5,8;
191205;0400;;;6,2;
191205;0500;;;7,2;
191205;0600;;;13,8;
191205;0700;;;20,3;
191205;0800;;;12,2;
191205;0900;;;9,10001;
191205;1000;;;9,10001;
191205;1100;;;13;
191205;1200;;;44;
191205;1300;;;14,7;
191205;1400;;;2,8;
191205;1500;;;9,60001;
191205;1600;;;14;
191205;1700;;;4,4;
191205;1800;;;5;
191205;1900;;;4,6;
191205;2000;;;8,2;
191205;2100;;;10,7;
191205;2200;;;9,8;
191205;2300;;;5,2;
191206;0000;;;3,8;
191206;0100;;;6,8;
191206;0200;;;9,2;
191206;0300;;;7;
191206;0400;;;5,6;
191206;0500;;;20,7;
191206;0600;;;41;
191206;0700;;;20,7;
191206;0800;;;10,4;
191206;0900;;;10,7;
191206;1000;;;16;
191206;1100;;;17,3;
191206;1200;;;6,3;
191206;1300;;;9,5;
191206;1400;;;16;
191206;1500;;;10,5;
191206;1600;;;17;
191206;1700;;;2,7;
191206;1800;;;2,3;
191206;1900;;;4;
191206;2000;;;5,5;
191206;2100;;;7,6;
191206;2200;;;5,5;
191206;2300;;;4,5;
191207;0000;;;3,8;
191207;0100;;;4,2;
191207;0200;;;4,6;
191207;0300;;;4,6;
191207;0400;;;3,5;
191207;0500;;;3,1;
191207;0600;;;7,1;
191207;0700;;;12,4;
191207;0800;;;10,2;
191207;0900;;;10,6;
191207;1000;;;14,4;
191207;1100;;;4,7;
191207;1200;;;47,6;
191207;1300;;;14,7;
191207;1400;;;8,7;
191207;1500;;;17;
191207;1600;;;29;
191207;1700;;;8,39999;
191207;1800;;;1;
191207;1900;;;5,4;
191207;2000;;;7,2;
191207;2100;;;5,8;
191207;2200;;;7,4;
191207;2300;;;6,1;
191208;0000;;;4;
191208;0100;;;7,4;
191208;0200;;;6,9;
191208;0300;;;6,6;
191208;0400;;;7,1;
191208;0500;;;9,7;
191208;0600;;;11,6;
191208;0700;;;10,7;
191208;0800;;;15,2;
191208;0900;;;42,4;
191208;1000;;;25,8;
191208;1100;;;11;
191208;1200;;;1,3;
191208;1300;;;1;
191208;1400;;;23,1;
191208;1500;;;28;
191208;1600;;;33,4;
191208;1700;;;16,7;
191208;1800;;;5,7;
191208;1900;;;1,8;
191208;2000;;;4,8;
191208;2100;;;3;
191208;2200;;;3,8;
191208;2300;;;4;
191209;0000;;;3,8;
191209;0100;;;5,4;
191209;0200;;;6,2;
191209;0300;;;7,6;
191209;0400;;;16,9;
191209;0500;;;22,8;
191209;0600;;;14,1;
191209;0700;;;28,3;
191209;0800;;;28,2;
191209;0900;;;11,4;
191209;1000;;;9,89999;
191209;1100;;;10,9;
191209;1200;;;26;
191209;1300;;;1;
191209;1400;;;94,7;
191209;1500;;;7;
191209;1600;;;5;
191209;1700;;;4;
191209;1800;;;25,1;
191209;1900;;;10,5;
191209;2000;;;6,5;
191209;2100;;;3,6;
191209;2200;;;5,4;
191209;2300;;;4;
191210;0000;;;3,4;
191210;0100;;;3,4;
191210;0200;;;4,8;
191210;0300;;;5,9;
191210;0400;;;4,9;
191210;0500;;;4,1;
191210;0600;;;7,7;
191210;0700;;;15,9;
191210;0800;;;17,4;
191210;0900;;;20,9;
191210;1000;;;4,3;
191210;1100;;;7,4;
191210;1200;;;1;
191210;1300;;;1;
191210;1400;;;1,7;
191210;1500;;;5,7;
191210;1600;;;6,2;
191210;1700;;;6,5;
191210;1800;;;7,6;
191210;1900;;;8,10001;
191210;2000;;;8,3;
191210;2100;;;5;
191210;2200;;;8,3;
191210;2300;;;18,7;
191211;0000;;;21,6;
191211;0100;;;21,8;
191211;0200;;;7,9;
191211;0300;;;7,3;
191211;0400;;;12,8;
191211;0500;;;10,1;
191211;0600;;;8,8;
191211;0700;;;10,2;
191211;0800;;;6,5;
191211;0900;;;17,5;
191211;1000;;;20;
191211;1100;;;8;
191211;1200;;;2,4;
191211;1300;;;1,5;
191211;1400;;;1,9;
191211;1500;;;16,2;
191211;1600;;;7;
191211;1700;;;7,5;
191211;1800;;;17,6;
191211;1900;;;14,4;
191211;2000;;;13,2;
191211;2100;;;10,3;
191211;2200;;;7,8;
191211;2300;;;9,5;
191212;0000;;;8,10001;
191212;0100;;;15;
191212;0200;;;35,3;
191212;0300;;;28,7;
191212;0400;;;15,3;
191212;0500;;;26,1;
191212;0600;;;29,5;
191212;0700;;;40,5;
191212;0800;;;44;
191212;0900;;;38,3;
191212;1000;;;18,8;
191212;1100;;;13,8;
191212;1200;;;4,6;
191212;1300;;;7;
191212;1400;;;20,2;
191212;1500;;;50,2;
191212;1600;;;32,8;
191212;1700;;;17,9;
191212;1800;;;17,5;
191212;1900;;;15,7;
191212;2000;;;17,5;
191212;2100;;;13,2;
191212;2200;;;21,8;
191212;2300;;;9,39999;
191213;0000;;;9,60001;
191213;0100;;;9,89999;
191213;0200;;;6,7;
191213;0300;;;6,9;
191213;0400;;;8,60001;
191213;0500;;;9,10001;
191213;0600;;;14,5;
191213;0700;;;24,2;
191213;0800;;;14,1;
191213;0900;;;26,8;
191213;1000;;;18,1;
191213;1100;;;3,7;
191213;1200;;;3,5;
191213;1300;;;5,1;
191213;1400;;;3,5;
191213;1500;;;11,3;
191213;1600;;;20,4;
191213;1700;;;10,6;
191213;1800;;;14,2;
191213;1900;;;6,6;
191213;2000;;;5,6;
191213;2100;;;6,6;
191213;2200;;;7,7;
191213;2300;;;8,60001;
191214;0000;;;15,2;
191214;0100;;;12,3;
191214;0200;;;8,39999;
191214;0300;;;8,60001;
191214;0400;;;7,8;
191214;0500;;;5,1;
191214;0600;;;9,7;
191214;0700;;;10,1;
191214;0800;;;8,39999;
191214;0900;;;6;
191214;1000;;;6,7;
191214;1100;;;4,9;
191214;1200;;;3,1;
191214;1300;;;5,5;
191214;1400;;;3,7;
191214;1500;;;4,2;
191214;1600;;;4,1;
191214;1700;;;4,3;
191214;1800;;;16,7;
191214;1900;;;5,8;
191214;2000;;;8,10001;
191214;2100;;;6,4;
191214;2200;;;12,4;
191214;2300;;;24;
191215;0000;;;5,2;
191215;0100;;;3,9;
191215;0200;;;5,9;
191215;0300;;;8,8;
191215;0400;;;10,7;
191215;0500;;;7,2;
191215;0600;;;9,5;
191215;0700;;;34,8;
191215;0800;;;36,2;
191215;0900;;;22,2;
191215;1000;;;13,8;
191215;1100;;;15,3;
191215;1200;;;19,5;
191215;1300;;;23,3;
191215;1400;;;28,4;
191215;1500;;;30;
191215;1600;;;44,5;
191215;1700;;;18,9;
191215;1800;;;13,4;
191215;1900;;;8,8;
191215;2000;;;5,6;
191215;2100;;;4,8;
191215;2200;;;5,3;
191215;2300;;;4,4;
191216;0000;;;4,8;
191216;0100;;;3,4;
191216;0200;;;5,4;
191216;0300;;;5,8;
191216;0400;;;7,7;
191216;0500;;;6,1;
191216;0600;;;10,2;
191216;0700;;;15,2;
191216;0800;;;12,4;
191216;0900;;;6,4;
191216;1000;;;5,7;
191216;1100;;;7,7;
191216;1200;;;2,9;
191216;1300;;;14,1;
191216;1400;;;32,8;
191216;1500;;;21;
191216;1600;;;2,6;
191216;1700;;;2,4;
191216;1800;;;2,8;
191216;1900;;;4,5;
191216;2000;;;7,2;
191216;2100;;;5,1;
191216;2200;;;8,3;
191216;2300;;;3,5;
191217;0000;;;6,8;
191217;0100;;;4,9;
191217;0200;;;4,1;
191217;0300;;;5;
191217;0400;;;6,9;
191217;0500;;;8,89999;
191217;0600;;;13,8;
191217;0700;;;16,2;
191217;0800;;;18,6;
191217;0900;;;30,2;
191217;1000;;;31,4;
191217;1100;;;74,7;
191217;1200;;;15,6;
191217;1300;;;15,4;
191217;1400;;;59,8;
191217;1500;;;50,1;
191217;1600;;;59,3;
191217;1700;;;7,9;
191217;1800;;;3;
191217;1900;;;11,9;
191217;2000;;;13;
191217;2100;;;9;
191217;2200;;;15,6;
191217;2300;;;6,7;
191218;0000;;;8,2;
191218;0100;;;6,9;
191218;0200;;;10,6;
191218;0300;;;7,8;
191218;0400;;;8,3;
191218;0500;;;3,5;
191218;0600;;;21,3;
191218;0700;;;10,7;
191218;0800;;;20,6;
191218;0900;;;14,7;
191218;1000;;;2,5;
191218;1100;;;3;
191218;1200;;;3,5;
191218;1300;;;2,1;
191218;1400;;;2,8;
191218;1500;;;3,2;
191218;1600;;;4,2;
191218;1700;;;4,9;
191218;1800;;;4,2;
191218;1900;;;4,7;
191218;2000;;;4,6;
191218;2100;;;4,9;
191218;2200;;;2,2;
191218;2300;;;10,8;
191219;0000;;;4,1;
191219;0100;;;4,2;
191219;0200;;;5,9;
191219;0300;;;3,3;
191219;0400;;;7,2;
191219;0500;;;15,6;
191219;0600;;;15,9;
191219;0700;;;15,4;
191219;0800;;;21,1;
191219;0900;;;23,6;
191219;1000;;;9,7;
191219;1100;;;12,1;
191219;1200;;;13,6;
191219;1300;;;7;
191219;1400;;;16,8;
191219;1500;;;7,8;
191219;1600;;;8,39999;
191219;1700;;;7,4;
191219;1800;;;5,3;
191219;1900;;;5,4;
191219;2000;;;9,39999;
191219;2100;;;7,6;
191219;2200;;;13,1;
191219;2300;;;4,6;
191220;0000;;;2,6;
191220;0100;;;3,6;
191220;0200;;;4,6;
191220;0300;;;6,6;
191220;0400;;;15,1;
191220;0500;;;32,5;
191220;0600;;;28,7;
191220;0700;;;28,5;
191220;0800;;;40,6;
191220;0900;;;37,4;
191220;1000;;;55,4;
191220;1100;;;7,1;
191220;1200;;;6,2;
191220;1300;;;13,6;
191220;1400;;;27,1;
191220;1500;;;22,3;
191220;1600;;;26,8;
191220;1700;;;5,1;
191220;1800;;;7,5;
191220;1900;;;8;
191220;2000;;;9,10001;
191220;2100;;;10,1;
191220;2200;;;8,7;
191220;2300;;;12,1;
191221;0000;;;9,60001;
191221;0100;;;7,8;
191221;0200;;;6,7;
191221;0300;;;7;
191221;0400;;;8,7;
191221;0500;;;8,8;
191221;0600;;;10,1;
191221;0700;;;12,8;
191221;0800;;;23,2;
191221;0900;;;33,6;
191221;1000;;;57,6;
191221;1100;;;18;
191221;1200;;;4,2;
191221;1300;;;1;
191221;1400;;;1,2;
191221;1500;;;5;
191221;1600;;;4,5;
191221;1700;;;11,2;
191221;1800;;;9,3;
191221;1900;;;7,7;
191221;2000;;;7,2;
191221;2100;;;4,9;
191221;2200;;;13,9;
191221;2300;;;10,9;
191222;0000;;;7,6;
191222;0100;;;8,3;
191222;0200;;;6,7;
191222;0300;;;7,6;
191222;0400;;;11,4;
191222;0500;;;19,9;
191222;0600;;;29,6;
191222;0700;;;25,5;
191222;0800;;;30,6;
191222;0900;;;26,3;
191222;1000;;;15,9;
191222;1100;;;7,5;
191222;1200;;;6,3;
191222;1300;;;4,9;
191222;1400;;;2,8;
191222;1500;;;1,6;
191222;1600;;;2,9;
191222;1700;;;3,6;
191222;1800;;;1;
191222;1900;;;1;
191222;2000;;;1;
191222;2100;;;5,7;
191222;2200;;;11,9;
191222;2300;;;4,8;
191223;0000;;;4,1;
191223;0100;;;4,5;
191223;0200;;;5,7;
191223;0300;;;9,39999;
191223;0400;;;14,1;
191223;0500;;;9,2;
191223;0600;;;19,8;
191223;0700;;;13,9;
191223;0800;;;11;
191223;0900;;;17,8;
191223;1000;;;35,3;
191223;1100;;;5,3;
191223;1200;;;59;
191223;1300;;;3,7;
191223;1400;;;3,9;
191223;1500;;;4,1;
191223;1600;;;4,6;
191223;1700;;;2,3;
191223;1800;;;2,6;
191223;1900;;;4,1;
191223;2000;;;6,7;
191223;2100;;;7,5;
191223;2200;;;3,7;
191223;2300;;;2,2;
191224;0000;;;1;
191224;0100;;;1,4;
191224;0200;;;1;
191224;0300;;;1,3;
191224;0400;;;1;
191224;0500;;;1,8;
191224;0600;;;1,6;
191224;0700;;;5,6;
191224;0800;;;13,4;
191224;0900;;;6,7;
191224;1000;;;2,2;
191224;1100;;;1,3;
191224;1200;;;1;
191224;1300;;;1;
191224;1400;;;1;
191224;1500;;;1;
191224;1600;;;1;
191224;1700;;;1;
191224;1800;;;3,1;
191224;1900;;;2,2;
191224;2000;;;4,8;
191224;2100;;;4,4;
191224;2200;;;1;
191224;2300;;;1,2;
191225;0000;;;2;
191225;0100;;;1,5;
191225;0200;;;3,1;
191225;0300;;;7;
191225;0400;;;1,9;
191225;0500;;;2,5;
191225;0600;;;2;
191225;0700;;;8,5;
191225;0800;;;13,1;
191225;0900;;;6,9;
191225;1000;;;8,60001;
191225;1100;;;1;
191225;1200;;;1;
191225;1300;;;1;
191225;1400;;;1;
191225;1500;;;1;
191225;1600;;;1;
191225;1700;;;1,1;
191225;1800;;;5,2;
191225;1900;;;8,3;
191225;2000;;;6,6;
191225;2100;;;4,7;
191225;2200;;;3,7;
191225;2300;;;4,3;
191226;0000;;;5,9;
191226;0100;;;6,2;
191226;0200;;;4,5;
191226;0300;;;4,2;
191226;0400;;;27,8;
191226;0500;;;9,8;
191226;0600;;;14;
191226;0700;;;10,4;
191226;0800;;;9,3;
191226;0900;;;22,6;
191226;1000;;;41,8;
191226;1100;;;6,8;
191226;1200;;;4,1;
191226;1300;;;3;
191226;1400;;;3,7;
191226;1500;;;5,1;
191226;1600;;;7,2;
191226;1700;;;4,1;
191226;1800;;;6,2;
191226;1900;;;8,60001;
191226;2000;;;16,5;
191226;2100;;;18,1;
191226;2200;;;21;
191226;2300;;;19,5;
191227;0000;;;15,7;
191227;0100;;;13,4;
191227;0200;;;11,1;
191227;0300;;;13,4;
191227;0400;;;11;
191227;0500;;;12,3;
191227;0600;;;19,2;
191227;0700;;;23,7;
191227;0800;;;17,7;
191227;0900;;;12,7;
191227;1000;;;10,7;
191227;1100;;;5,4;
191227;1200;;;3,5;
191227;1300;;;2,3;
191227;1400;;;2,6;
191227;1500;;;3;
191227;1600;;;4,6;
191227;1700;;;10,4;
191227;1800;;;11,8;
191227;1900;;;19,4;
191227;2000;;;21;
191227;2100;;;8;
191227;2200;;;20,5;
191227;2300;;;26,8;
191228;0000;;;25,7;
191228;0100;;;15,4;
191228;0200;;;11,6;
191228;0300;;;14,7;
191228;0400;;;38,3;
191228;0500;;;8;
191228;0600;;;11,4;
191228;0700;;;29,6;
191228;0800;;;20,1;
191228;0900;;;11,3;
191228;1000;;;18,9;
191228;1100;;;8,5;
191228;1200;;;6,6;
191228;1300;;;3,7;
191228;1400;;;4;
191228;1500;;;2,8;
191228;1600;;;5,2;
191228;1700;;;2,3;
191228;1800;;;7,6;
191228;1900;;;9;
191228;2000;;;8,5;
191228;2100;;;14,9;
191228;2200;;;8,89999;
191228;2300;;;11,5;
191229;0000;;;8,10001;
191229;0100;;;7,9;
191229;0200;;;7,5;
191229;0300;;;8,39999;
191229;0400;;;10,4;
191229;0500;;;9;
191229;0600;;;10,9;
191229;0700;;;11,7;
191229;0800;;;9,3;
191229;0900;;;21,9;
191229;1000;;;14,9;
191229;1100;;;3,3;
191229;1200;;;4,2;
191229;1300;;;3,9;
191229;1400;;;2,1;
191229;1500;;;1,3;
191229;1600;;;1,8;
191229;1700;;;3,1;
191229;1800;;;4,6;
191229;1900;;;5,3;
191229;2000;;;1;
191229;2100;;;1;
191229;2200;;;3,9;
191229;2300;;;8,60001;
191230;0000;;;8,2;
191230;0100;;;6;
191230;0200;;;3,4;
191230;0300;;;3,4;
191230;0400;;;6,4;
191230;0500;;;4,5;
191230;0600;;;15,5;
191230;0700;;;12,5;
191230;0800;;;20,6;
191230;0900;;;28,3;
191230;1000;;;16;
191230;1100;;;4,3;
191230;1200;;;1;
191230;1300;;;3,6;
191230;1400;;;5,2;
191230;1500;;;3,7;
191230;1600;;;1,5;
191230;1700;;;1;
191230;1800;;;6,5;
191230;1900;;;8,89999;
191230;2000;;;12;
191230;2100;;;7,4;
191230;2200;;;6,2;
191230;2300;;;8,89999;
191231;0000;;;13,5;
191231;0100;;;6,7;
191231;0200;;;9,60001;
191231;0300;;;17,9;
191231;0400;;;28,7;
191231;0500;;;18,5;
191231;0600;;;19,9;
191231;0700;;;27,8;
191231;0800;;;29,9;
191231;0900;;;22,1;
191231;1000;;;18,6;
191231;1100;;;26;
191231;1200;;;25,2;
191231;1300;;;6,7;
191231;1400;;;3;
191231;1500;;;1;
191231;1600;;;1;
191231;1700;;;1;
191231;1800;;;3,4;
191231;1900;;;6,3;
191231;2000;;;3,4;
191231;2100;;;4,1;
191231;2200;;;5,3;
191231;2300;;;8,5;
200101;0000;;;15,7;
200101;0100;;;24,5;
200101;0200;;;11,4;
200101;0300;;;10;
200101;0400;;;8,8;
200101;0500;;;14,1;
200101;0600;;;14,8;
200101;0700;;;10,4;
200101;0800;;;5,2;
200101;0900;;;2,7;
200101;1000;;;2,7;
200101;1100;;;2,8;
200101;1200;;;3,1;
200101;1300;;;1,4;
200101;1400;;;1;
200101;1500;;;1;
200101;1600;;;1;
200101;1700;;;2,5;
200101;1800;;;3,2;
200101;1900;;;2,3;
200101;2000;;;6,4;
200101;2100;;;5,9;
200101;2200;;;9,39999;
200101;2300;;;9,2;
200102;0000;;;4,5;
200102;0100;;;4,4;
200102;0200;;;1;
200102;0300;;;1;
200102;0400;;;16,9;
200102;0500;;;32,1;
200102;0600;;;42,4;
200102;0700;;;39,7;
200102;0800;;;29,7;
200102;0900;;;14;
200102;1000;;;89,8;
200102;1100;;;4,3;
200102;1200;;;2,9;
200102;1300;;;2,5;
200102;1400;;;3,2;
200102;1500;;;1,7;
200102;1600;;;3,7;
200102;1700;;;3,2;
200102;1800;;;3,6;
200102;1900;;;3,5;
200102;2000;;;5,8;
200102;2100;;;9,3;
200102;2200;;;9,10001;
200102;2300;;;5,4;
200103;0000;;;5,9;
200103;0100;;;7,7;
200103;0200;;;6,8;
200103;0300;;;6,8;
200103;0400;;;11,1;
200103;0500;;;10,7;
200103;0600;;;18,8;
200103;0700;;;28,1;
200103;0800;;;18,7;
200103;0900;;;22,7;
200103;1000;;;9,2;
200103;1100;;;2,5;
200103;1200;;;2;
200103;1300;;;1,6;
200103;1400;;;1;
200103;1500;;;4,1;
200103;1600;;;6;
200103;1700;;;9,60001;
200103;1800;;;6,3;
200103;1900;;;7,1;
200103;2000;;;8,7;
200103;2100;;;12,4;
200103;2200;;;13,1;
200103;2300;;;9,2;
200104;0000;;;6;
200104;0100;;;5,6;
200104;0200;;;3;
200104;0300;;;3,1;
200104;0400;;;4,8;
200104;0500;;;7,1;
200104;0600;;;6,1;
200104;0700;;;5,2;
200104;0800;;;7,5;
200104;0900;;;6,9;
200104;1000;;;4,6;
200104;1100;;;1;
200104;1200;;;1,5;
200104;1300;;;2,3;
200104;1400;;;1,7;
200104;1500;;;2,9;
200104;1600;;;4,2;
200104;1700;;;5,4;
200104;1800;;;4,7;
200104;1900;;;3,6;
200104;2000;;;3;
200104;2100;;;3,1;
200104;2200;;;5,7;
200104;2300;;;5,2;
200105;0000;;;4,9;
200105;0100;;;4,5;
200105;0200;;;1,7;
200105;0300;;;1;
200105;0400;;;1;
200105;0500;;;4,4;
200105;0600;;;1,4;
200105;0700;;;4;
200105;0800;;;4,4;
200105;0900;;;4,4;
200105;1000;;;8,2;
200105;1100;;;4,2;
200105;1200;;;5,8;
200105;1300;;;3,4;
200105;1400;;;4,2;
200105;1500;;;2,6;
200105;1600;;;1,9;
200105;1700;;;1,7;
200105;1800;;;2,4;
200105;1900;;;2,8;
200105;2000;;;4,9;
200105;2100;;;2,8;
200105;2200;;;19,4;
200105;2300;;;6,2;
200106;0000;;;1,8;
200106;0100;;;2,1;
200106;0200;;;2,5;
200106;0300;;;1;
200106;0400;;;1;
200106;0500;;;3,3;
200106;0600;;;14,4;
200106;0700;;;20,9;
200106;0800;;;10,3;
200106;0900;;;38,6;
200106;1000;;;16,9;
200106;1100;;;2,8;
200106;1200;;;1,2;
200106;1300;;;2,7;
200106;1400;;;2,9;
200106;1500;;;3,4;
200106;1600;;;3,7;
200106;1700;;;1,5;
200106;1800;;;2;
200106;1900;;;1,7;
200106;2000;;;18,6;
200106;2100;;;18,5;
200106;2200;;;30,5;
200106;2300;;;6,6;
200107;0000;;;4,5;
200107;0100;;;3,4;
200107;0200;;;4,1;
200107;0300;;;5,1;
200107;0400;;;8;
200107;0500;;;12,5;
200107;0600;;;11,6;
200107;0700;;;20,3;
200107;0800;;;16,1;
200107;0900;;;10,7;
200107;1000;;;14,2;
200107;1100;;;1;
200107;1200;;;1;
200107;1300;;;1,3;
200107;1400;;;1,2;
200107;1500;;;1;
200107;1600;;;2,1;
200107;1700;;;3,1;
200107;1800;;;3,5;
200107;1900;;;5,2;
200107;2000;;;8,3;
200107;2100;;;7,4;
200107;2200;;;6,8;
200107;2300;;;5,7;
200108;0000;;;2,9;
200108;0100;;;1,1;
200108;0200;;;1;
200108;0300;;;1,3;
200108;0400;;;1,5;
200108;0500;;;2,2;
200108;0600;;;4;
200108;0700;;;4,3;
200108;0800;;;3,6;
200108;0900;;;4,4;
200108;1000;;;10,1;
200108;1100;;;76,3;
200108;1200;;;5,1;
200108;1300;;;4,7;
200108;1400;;;3,8;
200108;1500;;;3;
200108;1600;;;3,5;
200108;1700;;;3,9;
200108;1800;;;4,9;
200108;1900;;;6,3;
200108;2000;;;8;
200108;2100;;;9,5;
200108;2200;;;8,39999;
200108;2300;;;8,7;
200109;0000;;;7,8;
200109;0100;;;5,3;
200109;0200;;;6,8;
200109;0300;;;3;
200109;0400;;;22,1;
200109;0500;;;3,9;
200109;0600;;;1,5;
200109;0700;;;3,2;
200109;0800;;;5,8;
200109;0900;;;2,8;
200109;1000;;;4,2;
200109;1100;;;4,4;
200109;1200;;;2,8;
200109;1300;;;4,8;
200109;1400;;;4,7;
200109;1500;;;4,4;
200109;1600;;;5,5;
200109;1700;;;8,60001;
200109;1800;;;6,2;
200109;1900;;;8,89999;
200109;2000;;;9,10001;
200109;2100;;;9,89999;
200109;2200;;;7,4;
200109;2300;;;12,2;
200110;0000;;;7,2;
200110;0100;;;6,6;
200110;0200;;;6,3;
200110;0300;;;6,2;
200110;0400;;;22,1;
200110;0500;;;26,3;
200110;0600;;;37,6;
200110;0700;;;60,7;
200110;0800;;;39,9;
200110;0900;;;33,3;
200110;1000;;;18;
200110;1100;;;16,8;
200110;1200;;;4,6;
200110;1300;;;5,5;
200110;1400;;;7,1;
200110;1500;;;3,7;
200110;1600;;;4,2;
200110;1700;;;14,7;
200110;1800;;;5,5;
200110;1900;;;5,6;
200110;2000;;;9;
200110;2100;;;18,1;
200110;2200;;;8,5;
200110;2300;;;8,60001;
200111;0000;;;5,4;
200111;0100;;;6,6;
200111;0200;;;5,5;
200111;0300;;;6,4;
200111;0400;;;7,5;
200111;0500;;;11;
200111;0600;;;8,5;
200111;0700;;;17,7;
200111;0800;;;15,3;
200111;0900;;;19,3;
200111;1000;;;29,4;
200111;1100;;;21,2;
200111;1200;;;6,8;
200111;1300;;;4,4;
200111;1400;;;4,3;
200111;1500;;;4,1;
200111;1600;;;4;
200111;1700;;;1,3;
200111;1800;;;1,7;
200111;1900;;;5,3;
200111;2000;;;10;
200111;2100;;;8,39999;
200111;2200;;;6,1;
200111;2300;;;9,2;
200112;0000;;;6,6;
200112;0100;;;5,7;
200112;0200;;;11;
200112;0300;;;6,1;
200112;0400;;;9,60001;
200112;0500;;;12,2;
200112;0600;;;19,6;
200112;0700;;;11;
200112;0800;;;7,7;
200112;0900;;;5,6;
200112;1000;;;7,9;
200112;1100;;;7,1;
200112;1200;;;6,4;
200112;1300;;;4,5;
200112;1400;;;3,6;
200112;1500;;;3,6;
200112;1600;;;4;
200112;1700;;;5,4;
200112;1800;;;7,6;
200112;1900;;;5,6;
200112;2000;;;3,9;
200112;2100;;;17,1;
200112;2200;;;21,6;
200112;2300;;;10;
200113;0000;;;14;
200113;0100;;;10;
200113;0200;;;9,3;
200113;0300;;;6,6;
200113;0400;;;5,4;
200113;0500;;;7;
200113;0600;;;7,1;
200113;0700;;;8,2;
200113;0800;;;6,2;
200113;0900;;;6,8;
200113;1000;;;16,9;
200113;1100;;;3,9;
200113;1200;;;1,1;
200113;1300;;;2;
200113;1400;;;1;
200113;1500;;;139,9;
200113;1600;;;2,9;
200113;1700;;;1;
200113;1800;;;2,7;
200113;1900;;;11,6;
200113;2000;;;18,3;
200113;2100;;;18,4;
200113;2200;;;22,7;
200113;2300;;;17,3;
200114;0000;;;18,1;
200114;0100;;;15,7;
200114;0200;;;11,8;
200114;0300;;;8,3;
200114;0400;;;6,9;
200114;0500;;;7,6;
200114;0600;;;13,1;
200114;0700;;;11,5;
200114;0800;;;16,1;
200114;0900;;;16,2;
200114;1000;;;11,7;
200114;1100;;;9,60001;
200114;1200;;;5,9;
200114;1300;;;2,4;
200114;1400;;;3,6;
200114;1500;;;3,2;
200114;1600;;;1,2;
200114;1700;;;3,6;
200114;1800;;;10,4;
200114;1900;;;13,1;
200114;2000;;;8,10001;
200114;2100;;;4,7;
200114;2200;;;9;
200114;2300;;;7,8;
200115;0000;;;9,39999;
200115;0100;;;11,2;
200115;0200;;;4,6;
200115;0300;;;9,39999;
200115;0400;;;10,6;
200115;0500;;;8,7;
200115;0600;;;16;
200115;0700;;;24,8;
200115;0800;;;12,9;
200115;0900;;;18,7;
200115;1000;;;13,5;
200115;1100;;;6,5;
200115;1200;;;3,2;
200115;1300;;;2,2;
200115;1400;;;1,4;
200115;1500;;;6,2;
200115;1600;;;7,7;
200115;1700;;;11;
200115;1800;;;5,8;
200115;1900;;;5,3;
200115;2000;;;3,9;
200115;2100;;;3,8;
200115;2200;;;4,6;
200115;2300;;;7,5;
200116;0000;;;13,3;
200116;0100;;;15,1;
200116;0200;;;14,8;
200116;0300;;;11,5;
200116;0400;;;8,8;
200116;0500;;;9,39999;
200116;0600;;;21,3;
200116;0700;;;20,3;
200116;0800;;;19,8;
200116;0900;;;13,2;
200116;1000;;;20,8;
200116;1100;;;14,1;
200116;1200;;;11,2;
200116;1300;;;12,5;
200116;1400;;;15,3;
200116;1500;;;11,5;
200116;1600;;;11,2;
200116;1700;;;12;
200116;1800;;;14;
200116;1900;;;11,1;
200116;2000;;;9,7;
200116;2100;;;12,9;
200116;2200;;;16,6;
200116;2300;;;17,5;
200117;0000;;;25;
200117;0100;;;10,7;
200117;0200;;;12,2;
200117;0300;;;7,5;
200117;0400;;;13,5;
200117;0500;;;14,1;
200117;0600;;;21;
200117;0700;;;22,7;
200117;0800;;;35,7;
200117;0900;;;18,3;
200117;1000;;;24,9;
200117;1100;;;12,2;
200117;1200;;;6,6;
200117;1300;;;5,5;
200117;1400;;;6,4;
200117;1500;;;6,2;
200117;1600;;;5,9;
200117;1700;;;6,5;
200117;1800;;;9,3;
200117;1900;;;14,4;
200117;2000;;;18,5;
200117;2100;;;15,6;
200117;2200;;;16,2;
200117;2300;;;17,5;
200118;0000;;;22,1;
200118;0100;;;17,2;
200118;0200;;;14,5;
200118;0300;;;14;
200118;0400;;;41;
200118;0500;;;16,7;
200118;0600;;;21,2;
200118;0700;;;17,6;
200118;0800;;;30,4;
200118;0900;;;34,5;
200118;1000;;;38,5;
200118;1100;;;18,6;
200118;1200;;;8;
200118;1300;;;3,8;
200118;1400;;;2,9;
200118;1500;;;3;
200118;1600;;;6,1;
200118;1700;;;3,9;
200118;1800;;;10;
200118;1900;;;20,7;
200118;2000;;;13;
200118;2100;;;11,7;
200118;2200;;;11,4;
200118;2300;;;12,7;
200119;0000;;;18,2;
200119;0100;;;24,4;
200119;0200;;;16,2;
200119;0300;;;7,1;
200119;0400;;;10,1;
200119;0500;;;8,2;
200119;0600;;;11,3;
200119;0700;;;12,5;
200119;0800;;;15,9;
200119;0900;;;15,7;
200119;1000;;;12,7;
200119;1100;;;11;
200119;1200;;;7,3;
200119;1300;;;3,8;
200119;1400;;;2,7;
200119;1500;;;2,6;
200119;1600;;;2,2;
200119;1700;;;2,7;
200119;1800;;;4;
200119;1900;;;4,8;
200119;2000;;;6,4;
200119;2100;;;9,39999;
200119;2200;;;10,3;
200119;2300;;;7,9;
200120;0000;;;10,1;
200120;0100;;;10,6;
200120;0200;;;13;
200120;0300;;;9,10001;
200120;0400;;;8,89999;
200120;0500;;;10,5;
200120;0600;;;8,60001;
200120;0700;;;11,6;
200120;0800;;;20,2;
200120;0900;;;16,3;
200120;1000;;;115,9;
200120;1100;;;11;
200120;1200;;;6,5;
200120;1300;;;7;
200120;1400;;;8,5;
200120;1500;;;5,4;
200120;1600;;;4,2;
200120;1700;;;2,9;
200120;1800;;;8,39999;
200120;1900;;;8,60001;
200120;2000;;;7,4;
200120;2100;;;13;
200120;2200;;;12,5;
200120;2300;;;6,3;
200121;0000;;;7,7;
200121;0100;;;10,8;
200121;0200;;;13,8;
200121;0300;;;11,6;
200121;0400;;;18,9;
200121;0500;;;26,7;
200121;0600;;;40,9;
200121;0700;;;58,9;
200121;0800;;;23,8;
200121;0900;;;29,7;
200121;1000;;;11,3;
200121;1100;;;22,5;
200121;1200;;;16,1;
200121;1300;;;7,5;
200121;1400;;;4,3;
200121;1500;;;4,2;
200121;1600;;;4,4;
200121;1700;;;3,9;
200121;1800;;;7,2;
200121;1900;;;9,5;
200121;2000;;;12,5;
200121;2100;;;12,8;
200121;2200;;;24;
200121;2300;;;19,5;
200122;0000;;;7,9;
200122;0100;;;6,6;
200122;0200;;;7,2;
200122;0300;;;8,3;
200122;0400;;;16;
200122;0500;;;13,1;
200122;0600;;;12,3;
200122;0700;;;29,5;
200122;0800;;;15,7;
200122;0900;;;12,2;
200122;1000;;;5,7;
200122;1100;;;5,8;
200122;1200;;;5,1;
200122;1300;;;4,2;
200122;1400;;;3,9;
200122;1500;;;3;
200122;1600;;;2,7;
200122;1700;;;4,5;
200122;1800;;;4;
200122;1900;;;4,5;
200122;2000;;;4;
200122;2100;;;4,1;
200122;2200;;;2,8;
200122;2300;;;2,9;
200123;0000;;;3;
200123;0100;;;1,9;
200123;0200;;;3,4;
200123;0300;;;3,2;
200123;0400;;;8,89999;
200123;0500;;;4,1;
200123;0600;;;4,3;
200123;0700;;;7,8;
200123;0800;;;9,39999;
200123;0900;;;12,3;
200123;1000;;;24;
200123;1100;;;9,39999;
200123;1200;;;3,9;
200123;1300;;;8,8;
200123;1400;;;4,5;
200123;1500;;;11,3;
200123;1600;;;5,7;
200123;1700;;;4,8;
200123;1800;;;3,9;
200123;1900;;;7,8;
200123;2000;;;8,8;
200123;2100;;;12,2;
200123;2200;;;10,7;
200123;2300;;;13,7;
200124;0000;;;19,8;
200124;0100;;;25,3;
200124;0200;;;25;
200124;0300;;;20,3;
200124;0400;;;20,9;
200124;0500;;;25,7;
200124;0600;;;38,5;
200124;0700;;;26,2;
200124;0800;;;23,2;
200124;0900;;;27,2;
200124;1000;;;20,6;
200124;1100;;;6,2;
200124;1200;;;18;
200124;1300;;;29,6;
200124;1400;;;86,8;
200124;1500;;;45,1;
200124;1600;;;14,3;
200124;1700;;;6,1;
200124;1800;;;7,2;
200124;1900;;;7,7;
200124;2000;;;9,2;
200124;2100;;;4,2;
200124;2200;;;6,4;
200124;2300;;;10,8;
200125;0000;;;12,7;
200125;0100;;;9,7;
200125;0200;;;8,89999;
200125;0300;;;9,7;
200125;0400;;;11,6;
200125;0500;;;8,3;
200125;0600;;;9;
200125;0700;;;13,4;
200125;0800;;;27,5;
200125;0900;;;22;
200125;1000;;;38;
200125;1100;;;65,7;
200125;1200;;;44,8;
200125;1300;;;40,6;
200125;1400;;;37,3;
200125;1500;;;26;
200125;1600;;;13,4;
200125;1700;;;12;
200125;1800;;;22,6;
200125;1900;;;23,3;
200125;2000;;;22,1;
200125;2100;;;13,5;
200125;2200;;;19,8;
200125;2300;;;27,3;
200126;0000;;;11,6;
200126;0100;;;6,8;
200126;0200;;;6;
200126;0300;;;7,1;
200126;0400;;;9;
200126;0500;;;8;
200126;0600;;;10,2;
200126;0700;;;8,8;
200126;0800;;;10,1;
200126;0900;;;9,10001;
200126;1000;;;22,9;
200126;1100;;;59,9;
200126;1200;;;9,7;
200126;1300;;;20,5;
200126;1400;;;26,3;
200126;1500;;;7,7;
200126;1600;;;42,2;
200126;1700;;;2,4;
200126;1800;;;2,2;
200126;1900;;;8,2;
200126;2000;;;13,8;
200126;2100;;;18,1;
200126;2200;;;12,4;
200126;2300;;;14,8;
200127;0000;;;15,3;
200127;0100;;;17;
200127;0200;;;17,9;
200127;0300;;;21,1;
200127;0400;;;16,7;
200127;0500;;;18,3;
200127;0600;;;18;
200127;0700;;;12,6;
200127;0800;;;19,4;
200127;0900;;;13,6;
200127;1000;;;9,39999;
200127;1100;;;22,7;
200127;1200;;;13,8;
200127;1300;;;38,6;
200127;1400;;;11,9;
200127;1500;;;24,3;
200127;1600;;;23,6;
200127;1700;;;17,8;
200127;1800;;;6,7;
200127;1900;;;4,9;
200127;2000;;;12,2;
200127;2100;;;16;
200127;2200;;;19,2;
200127;2300;;;14,5;
200128;0000;;;6,3;
200128;0100;;;5,7;
200128;0200;;;8,5;
200128;0300;;;11,7;
200128;0400;;;17,1;
200128;0500;;;19,8;
200128;0600;;;20,4;
200128;0700;;;21,8;
200128;0800;;;19,2;
200128;0900;;;25,2;
200128;1000;;;23,8;
200128;1100;;;24,2;
200128;1200;;;97,3;
200128;1300;;;7,9;
200128;1400;;;5,6;
200128;1500;;;7,9;
200128;1600;;;10,8;
200128;1700;;;11;
200128;1800;;;7,5;
200128;1900;;;12,8;
200128;2000;;;24,5;
200128;2100;;;8,7;
200128;2200;;;10,1;
200128;2300;;;6,6;
200129;0000;;;6,3;
200129;0100;;;6,7;
200129;0200;;;6,6;
200129;0300;;;7,5;
200129;0400;;;8,8;
200129;0500;;;8,2;
200129;0600;;;9,10001;
200129;0700;;;25,5;
200129;0800;;;27,3;
200129;0900;;;24,8;
200129;1000;;;17,9;
200129;1100;;;25,1;
200129;1200;;;8,5;
200129;1300;;;4,2;
200129;1400;;;40;
200129;1500;;;35,1;
200129;1600;;;9,60001;
200129;1700;;;3,6;
200129;1800;;;10,8;
200129;1900;;;13,5;
200129;2000;;;17,3;
200129;2100;;;11,8;
200129;2200;;;12,9;
200129;2300;;;15,9;
200130;0000;;;5,7;
200130;0100;;;6,7;
200130;0200;;;7,3;
200130;0300;;;10,9;
200130;0400;;;10,5;
200130;0500;;;11,8;
200130;0600;;;19,6;
200130;0700;;;27,7;
200130;0800;;;42,1;
200130;0900;;;41;
200130;1000;;;69,5;
200130;1100;;;54,9;
200130;1200;;;17,7;
200130;1300;;;8;
200130;1400;;;54,6;
200130;1500;;;111,6;
200130;1600;;;24,2;
200130;1700;;;12,9;
200130;1800;;;6;
200130;1900;;;20,3;
200130;2000;;;28,9;
200130;2100;;;18,6;
200130;2200;;;23,6;
200130;2300;;;20,8;
200131;0000;;;16,8;
200131;0100;;;14,2;
200131;0200;;;12,7;
200131;0300;;;18,8;
200131;0400;;;17,6;
200131;0500;;;14,3;
200131;0600;;;17,7;
200131;0700;;;24,1;
200131;0800;;;16,2;
200131;0900;;;21,2;
200131;1000;;;18,4;
200131;1100;;;12,9;
200131;1200;;;28;
200131;1300;;;69,9;
200131;1400;;;64,5;
200131;1500;;;28,1;
200131;1600;;;16,9;
200131;1700;;;3,7;
200131;1800;;;23,7;
200131;1900;;;13,2;
200131;2000;;;10,1;
200131;2100;;;16,1;
200131;2200;;;28,8;
200131;2300;;;21,6;
200201;0000;;;18,5;
200201;0100;;;12,4;
200201;0200;;;7,5;
200201;0300;;;8,5;
200201;0400;;;22,1;
200201;0500;;;17,1;
200201;0600;;;33,5;
200201;0700;;;30,6;
200201;0800;;;15,3;
200201;0900;;;16,3;
200201;1000;;;7,6;
200201;1100;;;12,5;
200201;1200;;;3,5;
200201;1300;;;1,8;
200201;1400;;;2;
200201;1500;;;2,2;
200201;1600;;;2,4;
200201;1700;;;2,7;
200201;1800;;;14,8;
200201;1900;;;11;
200201;2000;;;10,1;
200201;2100;;;18,9;
200201;2200;;;13;
200201;2300;;;10,5;
200202;0000;;;17,4;
200202;0100;;;16,2;
200202;0200;;;16,8;
200202;0300;;;24,7;
200202;0400;;;15;
200202;0500;;;12,6;
200202;0600;;;21,2;
200202;0700;;;32,8;
200202;0800;;;14,5;
200202;0900;;;23,9;
200202;1000;;;15,7;
200202;1100;;;6,9;
200202;1200;;;3,9;
200202;1300;;;3,7;
200202;1400;;;3,7;
200202;1500;;;2,9;
200202;1600;;;2,7;
200202;1700;;;4,1;
200202;1800;;;2,2;
200202;1900;;;3;
200202;2000;;;3,4;
200202;2100;;;5,9;
200202;2200;;;5;
200202;2300;;;3,7;
200203;0000;;;3,4;
200203;0100;;;3,6;
200203;0200;;;2,2;
200203;0300;;;1,4;
200203;0400;;;7,6;
200203;0500;;;2,7;
200203;0600;;;2,1;
200203;0700;;;6,3;
200203;0800;;;4,7;
200203;0900;;;5,8;
200203;1000;;;3,3;
200203;1100;;;2,4;
200203;1200;;;2,1;
200203;1300;;;1,9;
200203;1400;;;2,4;
200203;1500;;;1,9;
200203;1600;;;2,7;
200203;1700;;;4,1;
200203;1800;;;5,2;
200203;1900;;;4,7;
200203;2000;;;6,1;
200203;2100;;;5,9;
200203;2200;;;6,7;
200203;2300;;;10,6;
200204;0000;;;8,89999;
200204;0100;;;4,8;
200204;0200;;;9,8;
200204;0300;;;7;
200204;0400;;;13,8;
200204;0500;;;7,8;
200204;0600;;;6,2;
200204;0700;;;10,3;
200204;0800;;;6,9;
200204;0900;;;15,7;
200204;1000;;;6,8;
200204;1100;;;4,8;
200204;1200;;;3,2;
200204;1300;;;4,2;
200204;1400;;;3,7;
200204;1500;;;3,8;
200204;1600;;;5,1;
200204;1700;;;7,3;
200204;1800;;;17,2;
200204;1900;;;28,1;
200204;2000;;;17,8;
200204;2100;;;9,60001;
200204;2200;;;5;
200204;2300;;;8,3;
200205;0000;;;5,4;
200205;0100;;;6,1;
200205;0200;;;6,8;
200205;0300;;;5,2;
200205;0400;;;13,1;
200205;0500;;;6,6;
200205;0600;;;12,6;
200205;0700;;;17,5;
200205;0800;;;28,3;
200205;0900;;;36,5;
200205;1000;;;31,5;
200205;1100;;;18,1;
200205;1200;;;7,7;
200205;1300;;;9,39999;
200205;1400;;;3,9;
200205;1500;;;81,5;
200205;1600;;;20,3;
200205;1700;;;8,8;
200205;1800;;;13,7;
200205;1900;;;14,7;
200205;2000;;;17,4;
200205;2100;;;19,3;
200205;2200;;;7,1;
200205;2300;;;13,4;
200206;0000;;;7,7;
200206;0100;;;8,10001;
200206;0200;;;9,7;
200206;0300;;;9,39999;
200206;0400;;;9,5;
200206;0500;;;8,39999;
200206;0600;;;10;
200206;0700;;;15,9;
200206;0800;;;32,3;
200206;0900;;;53,4;
200206;1000;;;63,4;
200206;1100;;;26,2;
200206;1200;;;4,8;
200206;1300;;;2,5;
200206;1400;;;3,7;
200206;1500;;;3,4;
200206;1600;;;4,9;
200206;1700;;;5;
200206;1800;;;9,2;
200206;1900;;;15,3;
200206;2000;;;16,4;
200206;2100;;;9,2;
200206;2200;;;9,89999;
200206;2300;;;5,9;
200207;0000;;;5,1;
200207;0100;;;8,8;
200207;0200;;;8,7;
200207;0300;;;9,39999;
200207;0400;;;21,4;
200207;0500;;;21,8;
200207;0600;;;31,1;
200207;0700;;;27,7;
200207;0800;;;34,1;
200207;0900;;;27,3;
200207;1000;;;34,1;
200207;1100;;;62,3;
200207;1200;;;65;
200207;1300;;;8,3;
200207;1400;;;4,5;
200207;1500;;;41,1;
200207;1600;;;63,2;
200207;1700;;;13,5;
200207;1800;;;6,8;
200207;1900;;;14,2;
200207;2000;;;13,2;
200207;2100;;;16,4;
200207;2200;;;19,4;
200207;2300;;;15,1;
200208;0000;;;17,1;
200208;0100;;;23,6;
200208;0200;;;10;
200208;0300;;;11;
200208;0400;;;13,2;
200208;0500;;;24,1;
200208;0600;;;29,3;
200208;0700;;;37,7;
200208;0800;;;47,4;
200208;0900;;;36,9;
200208;1000;;;37,6;
200208;1100;;;25,4;
200208;1200;;;27,1;
200208;1300;;;46,7;
200208;1400;;;17,5;
200208;1500;;;19,8;
200208;1600;;;15;
200208;1700;;;11,1;
200208;1800;;;27,2;
200208;1900;;;9,2;
200208;2000;;;19,4;
200208;2100;;;39,8;
200208;2200;;;27,4;
200208;2300;;;23,2;
200209;0000;;;20;
200209;0100;;;23,9;
200209;0200;;;20,3;
200209;0300;;;17,6;
200209;0400;;;18;
200209;0500;;;15,7;
200209;0600;;;21;
200209;0700;;;15,8;
200209;0800;;;21,6;
200209;0900;;;57,6;
200209;1000;;;42,9;
200209;1100;;;49,9;
200209;1200;;;18,2;
200209;1300;;;31,4;
200209;1400;;;59,1;
200209;1500;;;22,3;
200209;1600;;;24,3;
200209;1700;;;17,5;
200209;1800;;;6,6;
200209;1900;;;6,5;
200209;2000;;;9,89999;
200209;2100;;;26,8;
200209;2200;;;20,7;
200209;2300;;;20,7;
200210;0000;;;15,7;
200210;0100;;;11,2;
200210;0200;;;13,5;
200210;0300;;;17,9;
200210;0400;;;9,39999;
200210;0500;;;12,5;
200210;0600;;;12,6;
200210;0700;;;18,5;
200210;0800;;;19,1;
200210;0900;;;48,3;
200210;1000;;;37,4;
200210;1100;;;32,7;
200210;1200;;;17,3;
200210;1300;;;11,3;
200210;1400;;;45;
200210;1500;;;18,3;
200210;1600;;;13,3;
200210;1700;;;8,2;
200210;1800;;;13,8;
200210;1900;;;16,8;
200210;2000;;;19,7;
200210;2100;;;14,6;
200210;2200;;;19,4;
200210;2300;;;14,9;
200211;0000;;;13,4;
200211;0100;;;14,4;
200211;0200;;;11,6;
200211;0300;;;10,8;
200211;0400;;;12,6;
200211;0500;;;9,89999;
200211;0600;;;11,2;
200211;0700;;;29,4;
200211;0800;;;26,1;
200211;0900;;;18,4;
200211;1000;;;19,9;
200211;1100;;;46,6;
200211;1200;;;31;
200211;1300;;;23,4;
200211;1400;;;5;
200211;1500;;;11,8;
200211;1600;;;26,2;
200211;1700;;;15,9;
200211;1800;;;5,1;
200211;1900;;;14,4;
200211;2000;;;15,7;
200211;2100;;;23;
200211;2200;;;16,7;
200211;2300;;;20,7;
200212;0000;;;25,9;
200212;0100;;;30,2;
200212;0200;;;13,4;
200212;0300;;;11,7;
200212;0400;;;17,6;
200212;0500;;;16,3;
200212;0600;;;18;
200212;0700;;;14,9;
200212;0800;;;13,5;
200212;0900;;;18,5;
200212;1000;;;10,9;
200212;1100;;;7,1;
200212;1200;;;9,3;
200212;1300;;;86,9;
200212;1400;;;35,4;
200212;1500;;;11,2;
200212;1600;;;9,60001;
200212;1700;;;6,8;
200212;1800;;;20,2;
200212;1900;;;4,4;
200212;2000;;;12;
200212;2100;;;14,1;
200212;2200;;;16,9;
200212;2300;;;25,7;
200213;0000;;;9,89999;
200213;0100;;;6;
200213;0200;;;9,8;
200213;0300;;;7,7;
200213;0400;;;27,4;
200213;0500;;;7,8;
200213;0600;;;5,8;
200213;0700;;;9,10001;
200213;0800;;;14,7;
200213;0900;;;24,7;
200213;1000;;;14,7;
200213;1100;;;10,3;
200213;1200;;;19,9;
200213;1300;;;7,5;
200213;1400;;;4,3;
200213;1500;;;4,5;
200213;1600;;;16,4;
200213;1700;;;8,3;
200213;1800;;;6,9;
200213;1900;;;10,9;
200213;2000;;;15;
200213;2100;;;19,1;
200213;2200;;;12,9;
200213;2300;;;13,5;
200214;0000;;;7,6;
200214;0100;;;7,9;
200214;0200;;;16,7;
200214;0300;;;15,9;
200214;0400;;;15,3;
200214;0500;;;18;
200214;0600;;;11,3;
200214;0700;;;11,6;
200214;0800;;;29,1;
200214;0900;;;19,5;
200214;1000;;;37,9;
200214;1100;;;9,60001;
200214;1200;;;10,6;
200214;1300;;;5,4;
200214;1400;;;4,6;
200214;1500;;;3,8;
200214;1600;;;5,7;
200214;1700;;;15,5;
200214;1800;;;28,5;
200214;1900;;;8,39999;
200214;2000;;;9,7;
200214;2100;;;12,8;
200214;2200;;;20;
200214;2300;;;10,8;
200215;0000;;;9,10001;
200215;0100;;;8,39999;
200215;0200;;;7,8;
200215;0300;;;11,4;
200215;0400;;;16,4;
200215;0500;;;20,4;
200215;0600;;;27,9;
200215;0700;;;27,4;
200215;0800;;;16;
200215;0900;;;14,1;
200215;1000;;;18,5;
200215;1100;;;10,4;
200215;1200;;;2,8;
200215;1300;;;2,4;
200215;1400;;;2,9;
200215;1500;;;3,2;
200215;1600;;;22,2;
200215;1700;;;18,7;
200215;1800;;;13,9;
200215;1900;;;60;
200215;2000;;;23,5;
200215;2100;;;17,3;
200215;2200;;;6,8;
200215;2300;;;21,7;
200216;0000;;;11,7;
200216;0100;;;3,5;
200216;0200;;;3,6;
200216;0300;;;4,9;
200216;0400;;;4,6;
200216;0500;;;5,8;
200216;0600;;;4,5;
200216;0700;;;1;
200216;0800;;;4;
200216;0900;;;19,3;
200216;1000;;;23,1;
200216;1100;;;18;
200216;1200;;;6;
200216;1300;;;2,9;
200216;1400;;;2,8;
200216;1500;;;4,4;
200216;1600;;;5,5;
200216;1700;;;2,5;
200216;1800;;;3,1;
200216;1900;;;6;
200216;2000;;;14,7;
200216;2100;;;13,6;
200216;2200;;;8,39999;
200216;2300;;;5,8;
200217;0000;;;7,7;
200217;0100;;;7,9;
200217;0200;;;27,8;
200217;0300;;;16;
200217;0400;;;5,7;
200217;0500;;;5,7;
200217;0600;;;10,8;
200217;0700;;;6,1;
200217;0800;;;24,9;
200217;0900;;;14,5;
200217;1000;;;24,9;
200217;1100;;;9,7;
200217;1200;;;7;
200217;1300;;;3,4;
200217;1400;;;2,7;
200217;1500;;;4,3;
200217;1600;;;4,8;
200217;1700;;;7,8;
200217;1800;;;12,7;
200217;1900;;;18,2;
200217;2000;;;12,8;
200217;2100;;;15,1;
200217;2200;;;7,1;
200217;2300;;;10,7;
200218;0000;;;8,10001;
200218;0100;;;16,9;
200218;0200;;;18,7;
200218;0300;;;16,5;
200218;0400;;;19,4;
200218;0500;;;22,2;
200218;0600;;;13,9;
200218;0700;;;20,1;
200218;0800;;;18,3;
200218;0900;;;12;
200218;1000;;;5,5;
200218;1100;;;5,7;
200218;1200;;;5;
200218;1300;;;3,5;
200218;1400;;;28,1;
200218;1500;;;8,7;
200218;1600;;;6,1;
200218;1700;;;6,5;
200218;1800;;;10,4;
200218;1900;;;13;
200218;2000;;;12,8;
200218;2100;;;8,39999;
200218;2200;;;16,5;
200218;2300;;;10,2;
200219;0000;;;7,9;
200219;0100;;;9;
200219;0200;;;10,4;
200219;0300;;;17,9;
200219;0400;;;34,7;
200219;0500;;;20,8;
200219;0600;;;18,4;
200219;0700;;;12,5;
200219;0800;;;19,8;
200219;0900;;;50,2;
200219;1000;;;72,9;
200219;1100;;;16,6;
200219;1200;;;7,5;
200219;1300;;;21,9;
200219;1400;;;8,5;
200219;1500;;;10,2;
200219;1600;;;9,7;
200219;1700;;;9,5;
200219;1800;;;22,2;
200219;1900;;;19,1;
200219;2000;;;18,2;
200219;2100;;;8,7;
200219;2200;;;14,7;
200219;2300;;;13;
200220;0000;;;10,3;
200220;0100;;;15,3;
200220;0200;;;17,5;
200220;0300;;;62;
200220;0400;;;36,9;
200220;0500;;;31,2;
200220;0600;;;42,4;
200220;0700;;;37,8;
200220;0800;;;27,1;
200220;0900;;;25,4;
200220;1000;;;30,1;
200220;1100;;;29,1;
200220;1200;;;11,1;
200220;1300;;;7,4;
200220;1400;;;51,3;
200220;1500;;;70,2;
200220;1600;;;43,8;
200220;1700;;;17,9;
200220;1800;;;8,89999;
200220;1900;;;14,8;
200220;2000;;;10,5;
200220;2100;;;9,5;
200220;2200;;;9,7;
200220;2300;;;17,7;
200221;0000;;;26,6;
200221;0100;;;25,1;
200221;0200;;;13,4;
200221;0300;;;12,9;
200221;0400;;;16;
200221;0500;;;15,9;
200221;0600;;;20,8;
200221;0700;;;24,2;
200221;0800;;;29;
200221;0900;;;35,3;
200221;1000;;;52;
200221;1100;;;19,8;
200221;1200;;;23,5;
200221;1300;;;5,5;
200221;1400;;;3,6;
200221;1500;;;2,8;
200221;1600;;;2,5;
200221;1700;;;3,5;
200221;1800;;;4,8;
200221;1900;;;5,1;
200221;2000;;;9,5;
200221;2100;;;11,1;
200221;2200;;;17,4;
200221;2300;;;19,4;
200222;0000;;;7,6;
200222;0100;;;4;
200222;0200;;;5,7;
200222;0300;;;4,7;
200222;0400;;;4,8;
200222;0500;;;7,7;
200222;0600;;;20,2;
200222;0700;;;23,6;
200222;0800;;;11;
200222;0900;;;10;
200222;1000;;;13,1;
200222;1100;;;7,5;
200222;1200;;;3,2;
200222;1300;;;3,2;
200222;1400;;;2,6;
200222;1500;;;1,9;
200222;1600;;;2,1;
200222;1700;;;1,4;
200222;1800;;;9,2;
200222;1900;;;9;
200222;2000;;;25,3;
200222;2100;;;12,2;
200222;2200;;;9,3;
200222;2300;;;7,1;
200223;0000;;;3,6;
200223;0100;;;4,5;
200223;0200;;;6,5;
200223;0300;;;5,5;
200223;0400;;;6,4;
200223;0500;;;24,7;
200223;0600;;;20,8;
200223;0700;;;7,4;
200223;0800;;;8,60001;
200223;0900;;;13,3;
200223;1000;;;6,6;
200223;1100;;;15,8;
200223;1200;;;11,4;
200223;1300;;;5,4;
200223;1400;;;4,7;
200223;1500;;;3,9;
200223;1600;;;4,8;
200223;1700;;;4,1;
200223;1800;;;3,9;
200223;1900;;;11,5;
200223;2000;;;15,4;
200223;2100;;;6,9;
200223;2200;;;16,9;
200223;2300;;;8,10001;
200224;0000;;;7,1;
200224;0100;;;9,10001;
200224;0200;;;10;
200224;0300;;;10;
200224;0400;;;7,5;
200224;0500;;;8;
200224;0600;;;17,6;
200224;0700;;;30,3;
200224;0800;;;15,5;
200224;0900;;;42,8;
200224;1000;;;35,2;
200224;1100;;;8,5;
200224;1200;;;58,7;
200224;1300;;;8,8;
200224;1400;;;3,5;
200224;1500;;;3,5;
200224;1600;;;9,10001;
200224;1700;;;16,8;
200224;1800;;;7,8;
200224;1900;;;12,1;
200224;2000;;;11,8;
200224;2100;;;7,4;
200224;2200;;;4,4;
200224;2300;;;7,9;
200225;0000;;;13;
200225;0100;;;13,3;
200225;0200;;;8,3;
200225;0300;;;5,5;
200225;0400;;;17,6;
200225;0500;;;10,4;
200225;0600;;;17,6;
200225;0700;;;12,7;
200225;0800;;;28,4;
200225;0900;;;36,3;
200225;1000;;;17,8;
200225;1100;;;32,3;
200225;1200;;;34;
200225;1300;;;24,2;
200225;1400;;;4,2;
200225;1500;;;37,3;
200225;1600;;;38,5;
200225;1700;;;7;
200225;1800;;;13;
200225;1900;;;15,2;
200225;2000;;;9,10001;
200225;2100;;;11,1;
200225;2200;;;12,2;
200225;2300;;;8,89999;
200226;0000;;;14;
200226;0100;;;17,9;
200226;0200;;;13,9;
200226;0300;;;11,7;
200226;0400;;;18,9;
200226;0500;;;31;
200226;0600;;;28,5;
200226;0700;;;55,1;
200226;0800;;;24,7;
200226;0900;;;30,2;
200226;1000;;;33,8;
200226;1100;;;47,5;
200226;1200;;;16,3;
200226;1300;;;15,7;
200226;1400;;;61,8;
200226;1500;;;48,3;
200226;1600;;;40,6;
200226;1700;;;25,1;
200226;1800;;;15,1;
200226;1900;;;21,4;
200226;2000;;;11,8;
200226;2100;;;24,3;
200226;2200;;;30,4;
200226;2300;;;27,1;
200227;0000;;;18,1;
200227;0100;;;37,4;
200227;0200;;;48,1;
200227;0300;;;58,7;
200227;0400;;;46,7;
200227;0500;;;46,8;
200227;0600;;;59,7;
200227;0700;;;43,3;
200227;0800;;;64,3;
200227;0900;;;32,9;
200227;1000;;;16,6;
200227;1100;;;13;
200227;1200;;;6,2;
200227;1300;;;4,1;
200227;1400;;;6,1;
200227;1500;;;5,3;
200227;1600;;;6;
200227;1700;;;9,3;
200227;1800;;;12,4;
200227;1900;;;15,7;
200227;2000;;;15,8;
200227;2100;;;21,2;
200227;2200;;;19,1;
200227;2300;;;16,9;
200228;0000;;;32,4;
200228;0100;;;29,7;
200228;0200;;;26;
200228;0300;;;22;
200228;0400;;;32,9;
200228;0500;;;28,8;
200228;0600;;;40,9;
200228;0700;;;58;
200228;0800;;;38,3;
200228;0900;;;34,8;
200228;1000;;;20,1;
200228;1100;;;20,6;
200228;1200;;;56;
200228;1300;;;12,3;
200228;1400;;;4,2;
200228;1500;;;4;
200228;1600;;;11,3;
200228;1700;;;12,2;
200228;1800;;;11,2;
200228;1900;;;13,1;
200228;2000;;;17,6;
200228;2100;;;21,4;
200228;2200;;;33,3;
200228;2300;;;30,5;
200229;0000;;;37,6;
200229;0100;;;36,4;
200229;0200;;;31,5;
200229;0300;;;17,6;
200229;0400;;;19,1;
200229;0500;;;22,4;
200229;0600;;;37,7;
200229;0700;;;48,1;
200229;0800;;;54,9;
200229;0900;;;39,9;
200229;1000;;;12,2;
200229;1100;;;11,1;
200229;1200;;;8;
200229;1300;;;6,2;
200229;1400;;;5,5;
200229;1500;;;4,1;
200229;1600;;;5,4;
200229;1700;;;5,8;
200229;1800;;;7,3;
200229;1900;;;9,2;
200229;2000;;;9,8;
200229;2100;;;8,7;
200229;2200;;;6,3;
200229;2300;;;4,5;
200301;0000;;;1,5;
200301;0100;;;1;
200301;0200;;;1;
200301;0300;;;1,6;
200301;0400;;;1,9;
200301;0500;;;5,3;
200301;0600;;;6,6;
200301;0700;;;6,3;
200301;0800;;;4,4;
200301;0900;;;4;
200301;1000;;;4,1;
200301;1100;;;5,5;
200301;1200;;;6,8;
200301;1300;;;6,4;
200301;1400;;;6,4;
200301;1500;;;4,2;
200301;1600;;;3,3;
200301;1700;;;5,1;
200301;1800;;;5,5;
200301;1900;;;5,9;
200301;2000;;;6,3;
200301;2100;;;3,3;
200301;2200;;;3,9;
200301;2300;;;5,2;
200302;0000;;;5,8;
200302;0100;;;15,2;
200302;0200;;;13,1;
200302;0300;;;24,8;
200302;0400;;;33;
200302;0500;;;23,8;
200302;0600;;;19,3;
200302;0700;;;22;
200302;0800;;;18,7;
200302;0900;;;11,1;
200302;1000;;;16,1;
200302;1100;;;13,1;
200302;1200;;;8,39999;
200302;1300;;;6;
200302;1400;;;5,6;
200302;1500;;;5,4;
200302;1600;;;5,4;
200302;1700;;;6,8;
200302;1800;;;7,5;
200302;1900;;;9,10001;
200302;2000;;;6;
200302;2100;;;4,8;
200302;2200;;;5,1;
200302;2300;;;6;
200303;0000;;;9,3;
200303;0100;;;14,7;
200303;0200;;;44,5;
200303;0300;;;49,4;
200303;0400;;;75,4;
200303;0500;;;63,4;
200303;0600;;;68,5;
200303;0700;;;60,1;
200303;0800;;;49,2;
200303;0900;;;51,6;
200303;1000;;;41,5;
200303;1100;;;39,2;
200303;1200;;;18,5;
200303;1300;;;6,2;
200303;1400;;;2,6;
200303;1500;;;3,8;
200303;1600;;;3,5;
200303;1700;;;6;
200303;1800;;;7,5;
200303;1900;;;9,60001;
200303;2000;;;19;
200303;2100;;;12,3;
200303;2200;;;13,6;
200303;2300;;;12,1;
200304;0000;;;6,5;
200304;0100;;;5,5;
200304;0200;;;7,4;
200304;0300;;;8,5;
200304;0400;;;6,4;
200304;0500;;;11,1;
200304;0600;;;14;
200304;0700;;;21,9;
200304;0800;;;21,7;
200304;0900;;;22,4;
200304;1000;;;79,2;
200304;1100;;;18,7;
200304;1200;;;15,7;
200304;1300;;;9,89999;
200304;1400;;;3,8;
200304;1500;;;3,2;
200304;1600;;;4,7;
200304;1700;;;5;
200304;1800;;;5,5;
200304;1900;;;9,5;
200304;2000;;;15,5;
200304;2100;;;22,9;
200304;2200;;;15,7;
200304;2300;;;12,7;
200305;0000;;;10,9;
200305;0100;;;15,9;
200305;0200;;;9,10001;
200305;0300;;;12,2;
200305;0400;;;12,9;
200305;0500;;;17,7;
200305;0600;;;20,7;
200305;0700;;;42,8;
200305;0800;;;36,7;
200305;0900;;;27,4;
200305;1000;;;32,3;
200305;1100;;;27,7;
200305;1200;;;13,4;
200305;1300;;;5,5;
200305;1400;;;4,2;
200305;1500;;;5,4;
200305;1600;;;8,2;
200305;1700;;;7,8;
200305;1800;;;7,9;
200305;1900;;;18,9;
200305;2000;;;20,2;
200305;2100;;;17,1;
200305;2200;;;14,5;
200305;2300;;;15,8;
200306;0000;;;11,3;
200306;0100;;;11,8;
200306;0200;;;14,6;
200306;0300;;;17;
200306;0400;;;18,2;
200306;0500;;;20,7;
200306;0600;;;35,7;
200306;0700;;;65,6;
200306;0800;;;39,7;
200306;0900;;;25,4;
200306;1000;;;12,7;
200306;1100;;;7,3;
200306;1200;;;4,2;
200306;1300;;;5,4;
200306;1400;;;6;
200306;1500;;;6,4;
200306;1600;;;4;
200306;1700;;;3,3;
200306;1800;;;3,9;
200306;1900;;;3,8;
200306;2000;;;3,6;
200306;2100;;;5,2;
200306;2200;;;10,5;
200306;2300;;;15,8;
200307;0000;;;13,4;
200307;0100;;;18,7;
200307;0200;;;11,6;
200307;0300;;;13,2;
200307;0400;;;8,39999;
200307;0500;;;21,2;
200307;0600;;;18,2;
200307;0700;;;15,3;
200307;0800;;;24,8;
200307;0900;;;17,8;
200307;1000;;;18,5;
200307;1100;;;17,1;
200307;1200;;;6,9;
200307;1300;;;3,6;
200307;1400;;;2,4;
200307;1500;;;1,8;
200307;1600;;;3,1;
200307;1700;;;3,4;
200307;1800;;;9,8;
200307;1900;;;16;
200307;2000;;;6,6;
200307;2100;;;8,7;
200307;2200;;;6,5;
200307;2300;;;8,39999;
200308;0000;;;6,5;
200308;0100;;;12,1;
200308;0200;;;10,9;
200308;0300;;;14,5;
200308;0400;;;12,6;
200308;0500;;;15,6;
200308;0600;;;20,6;
200308;0700;;;26,2;
200308;0800;;;20,5;
200308;0900;;;19,2;
200308;1000;;;29,9;
200308;1100;;;14,1;
200308;1200;;;21,9;
200308;1300;;;8,3;
200308;1400;;;5,3;
200308;1500;;;5,7;
200308;1600;;;8,8;
200308;1700;;;8,3;
200308;1800;;;6,2;
200308;1900;;;15,8;
200308;2000;;;20,3;
200308;2100;;;21,2;
200308;2200;;;10,6;
200308;2300;;;12;
200309;0000;;;6,6;
200309;0100;;;7,7;
200309;0200;;;8,2;
200309;0300;;;7,5;
200309;0400;;;10,5;
200309;0500;;;15,5;
200309;0600;;;28,9;
200309;0700;;;51,4;
200309;0800;;;43,1;
200309;0900;;;13,1;
200309;1000;;;11;
200309;1100;;;10,4;
200309;1200;;;21,7;
200309;1300;;;14,6;
200309;1400;;;18,8;
200309;1500;;;24;
200309;1600;;;13,9;
200309;1700;;;15,9;
200309;1800;;;9,60001;
200309;1900;;;16,7;
200309;2000;;;23,6;
200309;2100;;;27,7;
200309;2200;;;22,7;
200309;2300;;;24,2;
200310;0000;;;25,1;
200310;0100;;;18,7;
200310;0200;;;20,7;
200310;0300;;;15,7;
200310;0400;;;27,1;
200310;0500;;;25,8;
200310;0600;;;23,6;
200310;0700;;;22,5;
200310;0800;;;40,3;
200310;0900;;;16;
200310;1000;;;7,6;
200310;1100;;;10,6;
200310;1200;;;7,2;
200310;1300;;;4,8;
200310;1400;;;3,3;
200310;1500;;;4,8;
200310;1600;;;7,4;
200310;1700;;;7;
200310;1800;;;9,7;
200310;1900;;;11;
200310;2000;;;18,1;
200310;2100;;;14,3;
200310;2200;;;15,6;
200310;2300;;;8,10001;
200311;0000;;;8,5;
200311;0100;;;11,6;
200311;0200;;;13,7;
200311;0300;;;19,6;
200311;0400;;;28,3;
200311;0500;;;15,3;
200311;0600;;;21,1;
200311;0700;;;46,3;
200311;0800;;;35,3;
200311;0900;;;94,9;
200311;1000;;;26,5;
200311;1100;;;25,8;
200311;1200;;;5,1;
200311;1300;;;3,2;
200311;1400;;;7,2;
200311;1500;;;6,3;
200311;1600;;;7,4;
200311;1700;;;6;
200311;1800;;;13,1;
200311;1900;;;19,4;
200311;2000;;;19,4;
200311;2100;;;19,9;
200311;2200;;;16,1;
200311;2300;;;14,3;
200312;0000;;;9,60001;
200312;0100;;;12,3;
200312;0200;;;6,5;
200312;0300;;;7;
200312;0400;;;28,6;
200312;0500;;;11;
200312;0600;;;11,7;
200312;0700;;;27,3;
200312;0800;;;28,9;
200312;0900;;;13,7;
200312;1000;;;6;
200312;1100;;;3,8;
200312;1200;;;3,7;
200312;1300;;;3,4;
200312;1400;;;5,5;
200312;1500;;;5;
200312;1600;;;5,1;
200312;1700;;;8,89999;
200312;1800;;;11,8;
200312;1900;;;8,89999;
200312;2000;;;6,9;
200312;2100;;;8;
200312;2200;;;5,2;
200312;2300;;;3,9;
200313;0000;;;2,5;
200313;0100;;;3,3;
200313;0200;;;1,6;
200313;0300;;;2;
200313;0400;;;3,8;
200313;0500;;;9,89999;
200313;0600;;;13,6;
200313;0700;;;14,2;
200313;0800;;;18,5;
200313;0900;;;13,4;
200313;1000;;;6,4;
200313;1100;;;8,10001;
200313;1200;;;6,2;
200313;1300;;;3,4;
200313;1400;;;4,4;
200313;1500;;;9,60001;
200313;1600;;;11,9;
200313;1700;;;16,4;
200313;1800;;;16;
200313;1900;;;20,7;
200313;2000;;;16,5;
200313;2100;;;17,3;
200313;2200;;;16,4;
200313;2300;;;12,6;
200314;0000;;;13,1;
200314;0100;;;12,4;
200314;0200;;;15,8;
200314;0300;;;17,2;
200314;0400;;;20,9;
200314;0500;;;36,4;
200314;0600;;;43,2;
200314;0700;;;44,8;
200314;0800;;;19,9;
200314;0900;;;49,2;
200314;1000;;;46,9;
200314;1100;;;25,6;
200314;1200;;;10,8;
200314;1300;;;1,2;
200314;1400;;;2,1;
200314;1500;;;4,5;
200314;1600;;;9,39999;
200314;1700;;;10;
200314;1800;;;9,89999;
200314;1900;;;17,5;
200314;2000;;;8,8;
200314;2100;;;7,7;
200314;2200;;;9,2;
200314;2300;;;8,5;
200315;0000;;;8,5;
200315;0100;;;13,9;
200315;0200;;;20,5;
200315;0300;;;18,1;
200315;0400;;;15,2;
200315;0500;;;21,4;
200315;0600;;;53,8;
200315;0700;;;46,3;
200315;0800;;;27;
200315;0900;;;16,4;
200315;1000;;;29,5;
200315;1100;;;23;
200315;1200;;;13,5;
200315;1300;;;6,4;
200315;1400;;;4,7;
200315;1500;;;4,8;
200315;1600;;;3,8;
200315;1700;;;4,3;
200315;1800;;;6,3;
200315;1900;;;9,7;
200315;2000;;;14,1;
200315;2100;;;15;
200315;2200;;;8,3;
200315;2300;;;11,4;
200316;0000;;;8;
200316;0100;;;10,9;
200316;0200;;;14,2;
200316;0300;;;11;
200316;0400;;;11,7;
200316;0500;;;16,3;
200316;0600;;;31,2;
200316;0700;;;41,1;
200316;0800;;;16,5;
200316;0900;;;46,1;
200316;1000;;;37,4;
200316;1100;;;21,3;
200316;1200;;;14,4;
200316;1300;;;109,4;
200316;1400;;;3,1;
200316;1500;;;5,8;
200316;1600;;;8,89999;
200316;1700;;;3,8;
200316;1800;;;5;
200316;1900;;;9,39999;
200316;2000;;;13,4;
200316;2100;;;12,4;
200316;2200;;;14,3;
200316;2300;;;7,1;
200317;0000;;;15,6;
200317;0100;;;21,9;
200317;0200;;;22,9;
200317;0300;;;21,8;
200317;0400;;;20,5;
200317;0500;;;15,6;
200317;0600;;;33;
200317;0700;;;38,1;
200317;0800;;;48,7;
200317;0900;;;40,9;
200317;1000;;;23,7;
200317;1100;;;19,7;
200317;1200;;;6,5;
200317;1300;;;3;
200317;1400;;;3,6;
200317;1500;;;5,6;
200317;1600;;;6,4;
200317;1700;;;6,6;
200317;1800;;;3,3;
200317;1900;;;17,3;
200317;2000;;;22,8;
200317;2100;;;21,5;
200317;2200;;;22,8;
200317;2300;;;7,8;
200318;0000;;;5,4;
200318;0100;;;8,5;
200318;0200;;;24;
200318;0300;;;19,9;
200318;0400;;;14,3;
200318;0500;;;20,4;
200318;0600;;;14;
200318;0700;;;13,6;
200318;0800;;;22,4;
200318;0900;;;28,7;
200318;1000;;;24,4;
200318;1100;;;15,2;
200318;1200;;;15,3;
200318;1300;;;10,2;
200318;1400;;;4,9;
200318;1500;;;9;
200318;1600;;;5,4;
200318;1700;;;9,5;
200318;1800;;;15,9;
200318;1900;;;14,4;
200318;2000;;;12,9;
200318;2100;;;12,7;
200318;2200;;;9,2;
200318;2300;;;7;
200319;0000;;;6,9;
200319;0100;;;7,6;
200319;0200;;;11,7;
200319;0300;;;13,1;
200319;0400;;;17,9;
200319;0500;;;18,8;
200319;0600;;;30,1;
200319;0700;;;51,4;
200319;0800;;;68;
200319;0900;;;55,2;
200319;1000;;;48,9;
200319;1100;;;37,7;
200319;1200;;;32,9;
200319;1300;;;28,4;
200319;1400;;;5,7;
200319;1500;;;3,8;
200319;1600;;;4,5;
200319;1700;;;3,6;
200319;1800;;;10,1;
200319;1900;;;21,9;
200319;2000;;;19,5;
200319;2100;;;23,9;
200319;2200;;;19,2;
200319;2300;;;9,10001;
200320;0000;;;22;
200320;0100;;;21;
200320;0200;;;19,2;
200320;0300;;;15,6;
200320;0400;;;13;
200320;0500;;;40,2;
200320;0600;;;32,8;
200320;0700;;;51,2;
200320;0800;;;36,6;
200320;0900;;;18,2;
200320;1000;;;10,2;
200320;1100;;;9,5;
200320;1200;;;9,89999;
200320;1300;;;16,6;
200320;1400;;;8,7;
200320;1500;;;3,8;
200320;1600;;;5,5;
200320;1700;;;5,6;
200320;1800;;;10,1;
200320;1900;;;11,7;
200320;2000;;;6;
200320;2100;;;2,9;
200320;2200;;;2;
200320;2300;;;1,9;
200321;0000;;;1,5;
200321;0100;;;1,3;
200321;0200;;;2,4;
200321;0300;;;1,9;
200321;0400;;;3,6;
200321;0500;;;4,3;
200321;0600;;;6,6;
200321;0700;;;5,1;
200321;0800;;;4,4;
200321;0900;;;5,8;
200321;1000;;;6,7;
200321;1100;;;5,3;
200321;1200;;;5,4;
200321;1300;;;4,1;
200321;1400;;;4;
200321;1500;;;3,7;
200321;1600;;;3,2;
200321;1700;;;3,8;
200321;1800;;;4,7;
200321;1900;;;3,6;
200321;2000;;;4;
200321;2100;;;2,7;
200321;2200;;;1,7;
200321;2300;;;3,2;
200322;0000;;;1,9;
200322;0100;;;1;
200322;0200;;;1;
200322;0300;;;1;
200322;0400;;;1;
200322;0500;;;1;
200322;0600;;;1;
200322;0700;;;1;
200322;0800;;;1;
200322;0900;;;1,9;
200322;1000;;;1,4;
200322;1100;;;1,5;
200322;1200;;;1,4;
200322;1300;;;1,3;
200322;1400;;;1,5;
200322;1500;;;1,4;
200322;1600;;;1,2;
200322;1700;;;2;
200322;1800;;;2,8;
200322;1900;;;6,9;
200322;2000;;;8,8;
200322;2100;;;5,5;
200322;2200;;;2,6;
200322;2300;;;2,1;
200323;0000;;;1;
200323;0100;;;1;
200323;0200;;;1;
200323;0300;;;1;
200323;0400;;;1;
200323;0500;;;1;
200323;0600;;;1,2;
200323;0700;;;1,2;
200323;0800;;;2,1;
200323;0900;;;95,1;
200323;1000;;;51,6;
200323;1100;;;2,2;
200323;1200;;;2,4;
200323;1300;;;3,3;
200323;1400;;;3,4;
200323;1500;;;3;
200323;1600;;;5,8;
200323;1700;;;6,1;
200323;1800;;;4,1;
200323;1900;;;2,9;
200323;2000;;;1,6;
200323;2100;;;1;
200323;2200;;;1;
200323;2300;;;1;
200324;0000;;;1;
200324;0100;;;1;
200324;0200;;;1;
200324;0300;;;1;
200324;0400;;;1,5;
200324;0500;;;2,9;
200324;0600;;;6,7;
200324;0700;;;11,6;
200324;0800;;;7,2;
200324;0900;;;6,5;
200324;1000;;;9,60001;
200324;1100;;;10,9;
200324;1200;;;28,5;
200324;1300;;;6,6;
200324;1400;;;18,9;
200324;1500;;;29,8;
200324;1600;;;40,3;
200324;1700;;;36,4;
200324;1800;;;58,2;
200324;1900;;;57,2;
200324;2000;;;38,4;
200324;2100;;;21,9;
200324;2200;;;14;
200324;2300;;;11,9;
200325;0000;;;19,4;
200325;0100;;;19,7;
200325;0200;;;16,5;
200325;0300;;;12,9;
200325;0400;;;13,5;
200325;0500;;;11,3;
200325;0600;;;24,8;
200325;0700;;;21;
200325;0800;;;37,4;
200325;0900;;;38,7;
200325;1000;;;41,2;
200325;1100;;;41,9;
200325;1200;;;54,1;
200325;1300;;;84;
200325;1400;;;57,3;
200325;1500;;;56,4;
200325;1600;;;18,1;
200325;1700;;;29,4;
200325;1800;;;20,2;
200325;1900;;;15,5;
200325;2000;;;23,3;
200325;2100;;;19,3;
200325;2200;;;13,8;
200325;2300;;;10,9;
200326;0000;;;11,6;
200326;0100;;;14,8;
200326;0200;;;13,3;
200326;0300;;;15,9;
200326;0400;;;11;
200326;0500;;;7,5;
200326;0600;;;8;
200326;0700;;;27,6;
200326;0800;;;19,5;
200326;0900;;;17,1;
200326;1000;;;20,1;
200326;1100;;;27,6;
200326;1200;;;20,5;
200326;1300;;;12,6;
200326;1400;;;8,60001;
200326;1500;;;6,4;
200326;1600;;;8,10001;
200326;1700;;;10,4;
200326;1800;;;11,2;
200326;1900;;;16,4;
200326;2000;;;11,3;
200326;2100;;;6,3;
200326;2200;;;5,1;
200326;2300;;;7,5;
200327;0000;;;4;
200327;0100;;;8,60001;
200327;0200;;;8,39999;
200327;0300;;;11,3;
200327;0400;;;12;
200327;0500;;;13;
200327;0600;;;9,2;
200327;0700;;;8,39999;
200327;0800;;;12,1;
200327;0900;;;12,8;
200327;1000;;;12,9;
200327;1100;;;3,9;
200327;1200;;;5;
200327;1300;;;9,10001;
200327;1400;;;10,1;
200327;1500;;;7,2;
200327;1600;;;5,9;
200327;1700;;;7,4;
200327;1800;;;8,5;
200327;1900;;;13;
200327;2000;;;14,5;
200327;2100;;;17,6;
200327;2200;;;25,8;
200327;2300;;;26,6;
200328;0000;;;23,4;
200328;0100;;;22,3;
200328;0200;;;11,5;
200328;0300;;;8,2;
200328;0400;;;9,10001;
200328;0500;;;20,5;
200328;0600;;;29,3;
200328;0700;;;28,4;
200328;0800;;;18,5;
200328;0900;;;47,7;
200328;1000;;;33,6;
200328;1100;;;11,2;
200328;1200;;;14,8;
200328;1300;;;14,8;
200328;1400;;;30,3;
200328;1500;;;32,5;
200328;1600;;;4,7;
200328;1700;;;7,1;
200328;1800;;;21,6;
200328;1900;;;22,2;
200328;2000;;;17,3;
200328;2100;;;19,6;
200328;2200;;;21,7;
200328;2300;;;13,2;
200329;0000;;;8,10001;
200329;0100;;;12,8;
200329;0200;;;23,8;
200329;0300;;;32,4;
200329;0400;;;24;
200329;0500;;;22,6;
200329;0600;;;26,8;
200329;0700;;;32,5;
200329;0800;;;39,8;
200329;0900;;;41,4;
200329;1000;;;47,4;
200329;1100;;;44,9;
200329;1200;;;34,4;
200329;1300;;;10,8;
200329;1400;;;33,8;
200329;1500;;;8,39999;
200329;1600;;;5,1;
200329;1700;;;11,8;
200329;1800;;;13,1;
200329;1900;;;14;
200329;2000;;;7,1;
200329;2100;;;13,1;
200329;2200;;;12,2;
200329;2300;;;10,2;
200330;0000;;;9;
200330;0100;;;6,5;
200330;0200;;;9,7;
200330;0300;;;14,7;
200330;0400;;;20,7;
200330;0500;;;26,7;
200330;0600;;;35,2;
200330;0700;;;82,8;
200330;0800;;;35,2;
200330;0900;;;32,3;
200330;1000;;;20,5;
200330;1100;;;40,2;
200330;1200;;;137,9;
200330;1300;;;24,8;
200330;1400;;;26,6;
200330;1500;;;32,8;
200330;1600;;;37,4;
200330;1700;;;20,2;
200330;1800;;;28,1;
200330;1900;;;29,5;
200330;2000;;;19,3;
200330;2100;;;16,8;
200330;2200;;;13,3;
200330;2300;;;12,6;
200331;0000;;;14,6;
200331;0100;;;16,1;
200331;0200;;;16,2;
200331;0300;;;20,7;
200331;0400;;;22,6;
200331;0500;;;17,1;
200331;0600;;;32,4;
200331;0700;;;75,9;
200331;0800;;;20,7;
200331;0900;;;24,7;
200331;1000;;;37,4;
200331;1100;;;23,7;
200331;1200;;;16,6;
200331;1300;;;14;
200331;1400;;;23,2;
200331;1500;;;29,7;
200331;1600;;;31;
200331;1700;;;24,4;
200331;1800;;;16,8;
200331;1900;;;11,8;
200331;2000;;;10,6;
200331;2100;;;11,1;
200331;2200;;;13,8;
200331;2300;;;14,4;
200401;0000;;;16;
200401;0100;;;16,5;
200401;0200;;;10,8;
200401;0300;;;10,8;
200401;0400;;;17,8;
200401;0500;;;23,5;
200401;0600;;;45;
200401;0700;;;44,7;
200401;0800;;;33,1;
200401;0900;;;100,5;
200401;1000;;;51,9;
200401;1100;;;31,7;
200401;1200;;;27,9;
200401;1300;;;17,6;
200401;1400;;;32,7;
200401;1500;;;31,9;
200401;1600;;;25,7;
200401;1700;;;33,1;
200401;1800;;;21,8;
200401;1900;;;30,1;
200401;2000;;;18,9;
200401;2100;;;11,3;
200401;2200;;;21,5;
200401;2300;;;38,5;
200402;0000;;;24,7;
200402;0100;;;23,5;
200402;0200;;;44;
200402;0300;;;29,3;
200402;0400;;;14,1;
200402;0500;;;26,5;
200402;0600;;;32,7;
200402;0700;;;50,2;
200402;0800;;;48,1;
200402;0900;;;41,4;
200402;1000;;;22,6;
200402;1100;;;22,8;
200402;1200;;;23,7;
200402;1300;;;30,4;
200402;1400;;;33,5;
200402;1500;;;30,6;
200402;1600;;;22,4;
200402;1700;;;30,8;
200402;1800;;;44,1;
200402;1900;;;47,6;
200402;2000;;;56;
200402;2100;;;28;
200402;2200;;;13,3;
200402;2300;;;13,8;
200403;0000;;;14,4;
200403;0100;;;17,8;
200403;0200;;;13,8;
200403;0300;;;16,4;
200403;0400;;;19,5;
200403;0500;;;39,5;
200403;0600;;;31,7;
200403;0700;;;43,8;
200403;0800;;;43,6;
200403;0900;;;57,8;
200403;1000;;;49,6;
200403;1100;;;47,9;
200403;1200;;;76,8;
200403;1300;;;32,3;
200403;1400;;;42,3;
200403;1500;;;33,6;
200403;1600;;;40,1;
200403;1700;;;86,5;
200403;1800;;;85,1;
200403;1900;;;77,8;
200403;2000;;;35,5;
200403;2100;;;34,7;
200403;2200;;;22,6;
200403;2300;;;23,7;
200404;0000;;;15,8;
200404;0100;;;19,9;
200404;0200;;;21,2;
200404;0300;;;14;
200404;0400;;;9,5;
200404;0500;;;8,7;
200404;0600;;;15;
200404;0700;;;10,3;
200404;0800;;;9,39999;
200404;0900;;;13,2;
200404;1000;;;17,3;
200404;1100;;;20,5;
200404;1200;;;15,4;
200404;1300;;;10,9;
200404;1400;;;27,7;
200404;1500;;;35,7;
200404;1600;;;19;
200404;1700;;;32,9;
200404;1800;;;30;
200404;1900;;;27,6;
200404;2000;;;16,5;
200404;2100;;;13,6;
200404;2200;;;13,8;
200404;2300;;;9,89999;
200405;0000;;;11,1;
200405;0100;;;11,2;
200405;0200;;;11,1;
200405;0300;;;13,6;
200405;0400;;;18,6;
200405;0500;;;21,8;
200405;0600;;;18,7;
200405;0700;;;25,6;
200405;0800;;;24,8;
200405;0900;;;15,8;
200405;1000;;;13,6;
200405;1100;;;12,9;
200405;1200;;;21,1;
200405;1300;;;9,7;
200405;1400;;;14,7;
200405;1500;;;16,9;
200405;1600;;;7,4;
200405;1700;;;13,2;
200405;1800;;;22;
200405;1900;;;15,4;
200405;2000;;;26;
200405;2100;;;20,3;
200405;2200;;;10,7;
200405;2300;;;14,6;
200406;0000;;;31,4;
200406;0100;;;32,3;
200406;0200;;;23,4;
200406;0300;;;20,4;
200406;0400;;;18,9;
200406;0500;;;11,6;
200406;0600;;;23,1;
200406;0700;;;25;
200406;0800;;;43,8;
200406;0900;;;61,7;
200406;1000;;;35,3;
200406;1100;;;138,5;
200406;1200;;;66;
200406;1300;;;27,5;
200406;1400;;;40,6;
200406;1500;;;42,3;
200406;1600;;;34,1;
200406;1700;;;31,9;
200406;1800;;;45,2;
200406;1900;;;32,3;
200406;2000;;;26,6;
200406;2100;;;26,6;
200406;2200;;;26,6;
200406;2300;;;26,6;
200407;0000;;;26,6;
200407;0100;;;26,6;
200407;0200;;;26,6;
200407;0300;;;26,6;
200407;0400;;;26,6;
200407;0500;;;26,6;
200407;0600;;;26,6;
200407;0700;;;26,6;
200407;0800;;;26,6;
200407;0900;;;26,6;
200407;1000;;;26,6;
200407;1100;;;26,6;
200407;1200;;;26,6;
200407;1300;;;26,6;
200407;1400;;;19,6;
200407;1500;;;30,2;
200407;1600;;;42,1;
200407;1700;;;21,7;
200407;1800;;;32,3;
200407;1900;;;36;
200407;2000;;;50,5;
200407;2100;;;48,1;
200407;2200;;;47,7;
200407;2300;;;46,9;
200408;0000;;;53,1;
200408;0100;;;57,6;
200408;0200;;;52,6;
200408;0300;;;46,7;
200408;0400;;;42,4;
200408;0500;;;43,9;
200408;0600;;;56,2;
200408;0700;;;95,8;
200408;0800;;;102,9;
200408;0900;;;67,8;
200408;1000;;;31,2;
200408;1100;;;17;
200408;1200;;;13,3;
200408;1300;;;8,8;
200408;1400;;;6,4;
200408;1500;;;8;
200408;1600;;;8,7;
200408;1700;;;11,4;
200408;1800;;;17,5;
200408;1900;;;18,3;
200408;2000;;;11,1;
200408;2100;;;10;
200408;2200;;;6,8;
200408;2300;;;3,6;
200409;0000;;;4,6;
200409;0100;;;5;
200409;0200;;;2,8;
200409;0300;;;1,5;
200409;0400;;;4,5;
200409;0500;;;2,1;
200409;0600;;;3,1;
200409;0700;;;3,5;
200409;0800;;;3,8;
200409;0900;;;3,7;
200409;1000;;;7,3;
200409;1100;;;19,7;
200409;1200;;;38,4;
200409;1300;;;10,3;
200409;1400;;;10,9;
200409;1500;;;9,89999;
200409;1600;;;8,3;
200409;1700;;;9,89999;
200409;1800;;;19;
200409;1900;;;25,2;
200409;2000;;;9;
200409;2100;;;8,39999;
200409;2200;;;22,4;
200409;2300;;;23,7;
200410;0000;;;30,8;
200410;0100;;;35,2;
200410;0200;;;33,7;
200410;0300;;;21,5;
200410;0400;;;31,2;
200410;0500;;;16,8;
200410;0600;;;21,8;
200410;0700;;;26,8;
200410;0800;;;38,4;
200410;0900;;;28,9;
200410;1000;;;14,3;
200410;1100;;;17,1;
200410;1200;;;39,3;
200410;1300;;;4,1;
200410;1400;;;4,1;
200410;1500;;;4;
200410;1600;;;4;
200410;1700;;;5,6;
200410;1800;;;10,7;
200410;1900;;;12,9;
200410;2000;;;14,4;
200410;2100;;;20,5;
200410;2200;;;15,5;
200410;2300;;;11,7;
200411;0000;;;13;
200411;0100;;;8,2;
200411;0200;;;14,3;
200411;0300;;;9;
200411;0400;;;6,7;
200411;0500;;;6,6;
200411;0600;;;29;
200411;0700;;;23,3;
200411;0800;;;18,1;
200411;0900;;;14,8;
200411;1000;;;30,9;
200411;1100;;;91,2;
200411;1200;;;46,5;
200411;1300;;;15,3;
200411;1400;;;7,1;
200411;1500;;;36,4;
200411;1600;;;52,9;
200411;1700;;;12,6;
200411;1800;;;12,4;
200411;1900;;;10,2;
200411;2000;;;15,6;
200411;2100;;;13,3;
200411;2200;;;8,89999;
200411;2300;;;11,6;
200412;0000;;;12,3;
200412;0100;;;14,8;
200412;0200;;;11,1;
200412;0300;;;8,89999;
200412;0400;;;7,4;
200412;0500;;;9,60001;
200412;0600;;;16,2;
200412;0700;;;18,9;
200412;0800;;;22,2;
200412;0900;;;16,8;
200412;1000;;;31,2;
200412;1100;;;28,6;
200412;1200;;;9,3;
200412;1300;;;18,1;
200412;1400;;;9,5;
200412;1500;;;40;
200412;1600;;;23,2;
200412;1700;;;9,10001;
200412;1800;;;9,3;
200412;1900;;;5,7;
200412;2000;;;4,7;
200412;2100;;;9,7;
200412;2200;;;9,8;
200412;2300;;;14,5;
200413;0000;;;16,7;
200413;0100;;;16,3;
200413;0200;;;15,4;
200413;0300;;;16,7;
200413;0400;;;18,1;
200413;0500;;;15,8;
200413;0600;;;27,7;
200413;0700;;;73;
200413;0800;;;88,2;
200413;0900;;;32,5;
200413;1000;;;65,6;
200413;1100;;;59,9;
200413;1200;;;50,9;
200413;1300;;;15,6;
200413;1400;;;14,6;
200413;1500;;;20,8;
200413;1600;;;41,2;
200413;1700;;;24,4;
200413;1800;;;24,8;
200413;1900;;;16,1;
200413;2000;;;17,7;
200413;2100;;;18,5;
200413;2200;;;19,9;
200413;2300;;;20,8;
200414;0000;;;25;
200414;0100;;;27,5;
200414;0200;;;27,7;
200414;0300;;;23;
200414;0400;;;21,2;
200414;0500;;;22,9;
200414;0600;;;30,3;
200414;0700;;;48,8;
200414;0800;;;45,6;
200414;0900;;;21,6;
200414;1000;;;20,6;
200414;1100;;;26,4;
200414;1200;;;36,5;
200414;1300;;;37,5;
200414;1400;;;70,2;
200414;1500;;;17;
200414;1600;;;7,8;
200414;1700;;;15,3;
200414;1800;;;23;
200414;1900;;;36,8;
200414;2000;;;57;
200414;2100;;;41,9;
200414;2200;;;29,2;
200414;2300;;;25,8;
200415;0000;;;30,6;
200415;0100;;;34,2;
200415;0200;;;30,7;
200415;0300;;;30,6;
200415;0400;;;22,9;
200415;0500;;;19,6;
200415;0600;;;22,7;
200415;0700;;;63,8;
200415;0800;;;69,8;
200415;0900;;;29;
200415;1000;;;11,3;
200415;1100;;;8,89999;
200415;1200;;;109,2;
200415;1300;;;8,89999;
200415;1400;;;3,3;
200415;1500;;;4,4;
200415;1600;;;9,10001;
200415;1700;;;14,8;
200415;1800;;;28,6;
200415;1900;;;22;
200415;2000;;;27,7;
200415;2100;;;15,2;
200415;2200;;;9,5;
200415;2300;;;7,1;
200416;0000;;;8,89999;
200416;0100;;;9,10001;
200416;0200;;;5,7;
200416;0300;;;8,2;
200416;0400;;;8;
200416;0500;;;2;
200416;0600;;;8,39999;
200416;0700;;;5,2;
200416;0800;;;5,6;
200416;0900;;;5,7;
200416;1000;;;6,2;
200416;1100;;;6,8;
200416;1200;;;6;
200416;1300;;;4;
200416;1400;;;3,3;
200416;1500;;;4;
200416;1600;;;8,2;
200416;1700;;;14,4;
200416;1800;;;23,8;
200416;1900;;;21,4;
200416;2000;;;17,5;
200416;2100;;;24,2;
200416;2200;;;26,5;
200416;2300;;;13,5;
200417;0000;;;9,2;
200417;0100;;;4,1;
200417;0200;;;7,6;
200417;0300;;;7,6;
200417;0400;;;10,6;
200417;0500;;;15,1;
200417;0600;;;33,6;
200417;0700;;;72,5;
200417;0800;;;57;
200417;0900;;;18;
200417;1000;;;18,3;
200417;1100;;;21;
200417;1200;;;56;
200417;1300;;;11,8;
200417;1400;;;27,9;
200417;1500;;;36,2;
200417;1600;;;8,10001;
200417;1700;;;19,3;
200417;1800;;;28;
200417;1900;;;40,2;
200417;2000;;;24,8;
200417;2100;;;22,9;
200417;2200;;;21,2;
200417;2300;;;7,2;
200418;0000;;;12,6;
200418;0100;;;;
200418;0200;;;;
200418;0300;;;;
200418;0400;;;;
200418;0500;;;;
200418;0600;;;;
200418;0700;;;;
200418;0800;;;;
200418;0900;;;;
200418;1000;;;;
200418;1100;;;;
200418;1200;;;;
200418;1300;;;;
200418;1400;;;;
200418;1500;;;;
200418;1600;;;;
200418;1700;;;;
200418;1800;;;;
200418;1900;;;;
200418;2000;;;;
200418;2100;;;;
200418;2200;;;;
200418;2300;;;;
200419;0000;;;;
200419;0100;;;;
200419;0200;;;;
200419;0300;;;;
200419;0400;;;;
200419;0500;;;;
200419;0600;;;;
200419;0700;;;;
200419;0800;;;;
200419;0900;;;;
200419;1000;;;;
200419;1100;;;;
200419;1200;;;;
200419;1300;;;;
200419;1400;;;;
200419;1500;;;;
200419;1600;;;;
200419;1700;;;;
200419;1800;;;;
200419;1900;;;;
200419;2000;;;;
200419;2100;;;;
200419;2200;;;;
200419;2300;;;;
200420;0000;;;;
200420;0100;;;;
200420;0200;;;;
200420;0300;;;;
200420;0400;;;;
200420;0500;;;;
200420;0600;;;;
200420;0700;;;;
200420;0800;;;;
200420;0900;;;;
200420;1000;;;;
200420;1100;;;;
200420;1200;;;;
200420;1300;;;;
200420;1400;;;;
200420;1500;;;;
200420;1600;;;;
200420;1700;;;;
200420;1800;;;;
200420;1900;;;;
200420;2000;;;;
200420;2100;;;;
200420;2200;;;;
200420;2300;;;;
200421;0000;;;;
200421;0100;;;;
200421;0200;;;;
200421;0300;;;;
200421;0400;;;;
200421;0500;;;;
200421;0600;;;;
200421;0700;;;;
200421;0800;;;;
200421;0900;;;;
200421;1000;;;;
200421;1100;;;;
200421;1200;;;;
200421;1300;;;;
200421;1400;;;;
200421;1500;;;;
200421;1600;;;;
200421;1700;;;;
200421;1800;;;;
200421;1900;;;;
200421;2000;;;;
200421;2100;;;;
200421;2200;;;;
200421;2300;;;;
200422;0000;;;;
200422;0100;;;;
200422;0200;;;;
200422;0300;;;;
200422;0400;;;;
200422;0500;;;;
200422;0600;;;;
200422;0700;;;;
200422;0800;;;;
200422;0900;;;;
200422;1000;;;;
200422;1100;;;;
200422;1200;;;;
200422;1300;;;;
200422;1400;;;;
200422;1500;;;;
200422;1600;;;;
200422;1700;;;;
200422;1800;;;;
200422;1900;;;;
200422;2000;;;;
200422;2100;;;;
200422;2200;;;;
200422;2300;;;;
200423;0000;;;;
200423;0100;;;;
200423;0200;;;;
200423;0300;;;;
200423;0400;;;;
200423;0500;;;;
200423;0600;;;;
200423;0700;;;;
200423;0800;;;;
200423;0900;;;;
200423;1000;;;;
200423;1100;;;;
200423;1200;;;;
200423;1300;;;;
200423;1400;;;;
200423;1500;;;;
200423;1600;;;;
200423;1700;;;;
200423;1800;;;;
200423;1900;;;;
200423;2000;;;;
200423;2100;;;;
200423;2200;;;;
200423;2300;;;;
200424;0000;;;;
200424;0100;;;;
200424;0200;;;;
200424;0300;;;;
200424;0400;;;;
200424;0500;;;;
200424;0600;;;;
200424;0700;;;;
200424;0800;;;;
200424;0900;;;;
200424;1000;;;;
200424;1100;;;;
200424;1200;;;;
200424;1300;;;;
200424;1400;;;;
200424;1500;;;;
200424;1600;;;;
200424;1700;;;;
200424;1800;;;;
200424;1900;;;;
200424;2000;;;;
200424;2100;;;;
200424;2200;;;;
200424;2300;;;;
200425;0000;;;;
200425;0100;;;;
200425;0200;;;;
200425;0300;;;;
200425;0400;;;;
200425;0500;;;;
200425;0600;;;;
200425;0700;;;;
200425;0800;;;;
200425;0900;;;;
200425;1000;;;;
200425;1100;;;;
200425;1200;;;;
200425;1300;;;;
200425;1400;;;;
200425;1500;;;;
200425;1600;;;;
200425;1700;;;;
200425;1800;;;;
200425;1900;;;;
200425;2000;;;;
200425;2100;;;;
200425;2200;;;;
200425;2300;;;;
200426;0000;;;;
200426;0100;;;;
200426;0200;;;;
200426;0300;;;;
200426;0400;;;;
200426;0500;;;;
200426;0600;;;;
200426;0700;;;;
200426;0800;;;;
200426;0900;;;;
200426;1000;;;;
200426;1100;;;;
200426;1200;;;;
200426;1300;;;;
200426;1400;;;;
200426;1500;;;;
200426;1600;;;;
200426;1700;;;;
200426;1800;;;;
200426;1900;;;;
200426;2000;;;;
200426;2100;;;;
200426;2200;;;;
200426;2300;;;;
200427;0000;;;;
200427;0100;;;;
200427;0200;;;;
200427;0300;;;;
200427;0400;;;;
200427;0500;;;;
200427;0600;;;;
200427;0700;;;;
200427;0800;;;;
200427;0900;;;;
200427;1000;;;;
200427;1100;;;;
200427;1200;;;;
200427;1300;;;;
200427;1400;;;;
200427;1500;;;;
200427;1600;;;;
200427;1700;;;;
200427;1800;;;;
200427;1900;;;;
200427;2000;;;;
200427;2100;;;;
200427;2200;;;;
200427;2300;;;;
200428;0000;;;;
200428;0100;;;;
200428;0200;;;;
200428;0300;;;;
200428;0400;;;;
200428;0500;;;;
200428;0600;;;;
200428;0700;;;;
200428;0800;;;;
200428;0900;;;;
200428;1000;;;;
200428;1100;;;;
200428;1200;;;;
200428;1300;;;;
200428;1400;;;;
200428;1500;;;;
200428;1600;;;;
200428;1700;;;;
200428;1800;;;;
200428;1900;;;;
200428;2000;;;;
200428;2100;;;;
200428;2200;;;;
200428;2300;;;;
200429;0000;;;;
200429;0100;;;;
200429;0200;;;;
200429;0300;;;;
200429;0400;;;;
200429;0500;;;;
200429;0600;;;;
200429;0700;;;;
200429;0800;;;;
200429;0900;;;;
200429;1000;;;;
200429;1100;;;;
200429;1200;;;;
200429;1300;;;;
200429;1400;;;;
200429;1500;;;;
200429;1600;;;;
200429;1700;;;;
200429;1800;;;;
200429;1900;;;;
200429;2000;;;;
200429;2100;;;;
200429;2200;;;;
200429;2300;;;;
200430;0000;;;;
200430;0100;;;;
200430;0200;;;;
200430;0300;;;;
200430;0400;;;;
200430;0500;;;;
200430;0600;;;;
200430;0700;;;;
200430;0800;;;;
200430;0900;;;;
200430;1000;;;;
200430;1100;;;;
200430;1200;;;;
200430;1300;;;;
200430;1400;;;;
200430;1500;;;;
200430;1600;;;;
200430;1700;;;;
200430;1800;;;;
200430;1900;;;;
200430;2000;;;;
200430;2100;;;;
200430;2200;;;;
200430;2300;;;;
200501;0000;;;;
200501;0100;;;;
200501;0200;;;;
200501;0300;;;;
200501;0400;;;;
200501;0500;;;;
200501;0600;;;;
200501;0700;;;;
200501;0800;;;;
200501;0900;;;;
200501;1000;;;;
200501;1100;;;;
200501;1200;;;;
200501;1300;;;;
200501;1400;;;;
200501;1500;;;;
200501;1600;;;;
200501;1700;;;;
200501;1800;;;;
200501;1900;;;;
200501;2000;;;;
200501;2100;;;;
200501;2200;;;;
200501;2300;;;;
200502;0000;;;;
200502;0100;;;;
200502;0200;;;;
200502;0300;;;;
200502;0400;;;;
200502;0500;;;;
200502;0600;;;;
200502;0700;;;;
200502;0800;;;;
200502;0900;;;;
200502;1000;;;;
200502;1100;;;;
200502;1200;;;;
200502;1300;;;;
200502;1400;;;;
200502;1500;;;;
200502;1600;;;;
200502;1700;;;;
200502;1800;;;;
200502;1900;;;;
200502;2000;;;;
200502;2100;;;;
200502;2200;;;;
200502;2300;;;;
200503;0000;;;;
200503;0100;;;;
200503;0200;;;;
200503;0300;;;;
200503;0400;;;;
200503;0500;;;;
200503;0600;;;;
200503;0700;;;;
200503;0800;;;;
200503;0900;;;;
200503;1000;;;;
200503;1100;;;;
200503;1200;;;;
200503;1300;;;;
200503;1400;;;;
200503;1500;;;;
200503;1600;;;;
200503;1700;;;;
200503;1800;;;;
200503;1900;;;;
200503;2000;;;;
200503;2100;;;;
200503;2200;;;;
200503;2300;;;;
200504;0000;;;;
200504;0100;;;;
200504;0200;;;;
200504;0300;;;;
200504;0400;;;;
200504;0500;;;;
200504;0600;;;;
200504;0700;;;;
200504;0800;;;;
200504;0900;;;;
200504;1000;;;;
200504;1100;;;;
200504;1200;;;;
200504;1300;;;;
200504;1400;;;;
200504;1500;;;;
200504;1600;;;;
200504;1700;;;;
200504;1800;;;;
200504;1900;;;;
200504;2000;;;;
200504;2100;;;;
200504;2200;;;;
200504;2300;;;;
200505;0000;;;;
200505;0100;;;;
200505;0200;;;;
200505;0300;;;;
200505;0400;;;;
200505;0500;;;;
200505;0600;;;;
200505;0700;;;;
200505;0800;;;;
200505;0900;;;;
200505;1000;;;;
200505;1100;;;;
200505;1200;;;;
200505;1300;;;;
200505;1400;;;;
200505;1500;;;12,5;
200505;1600;;;;
200505;1700;;;;
200505;1800;;;;
200505;1900;;;;
200505;2000;;;;
200505;2100;;;;
200505;2200;;;;
200505;2300;;;;
200506;0000;;;;
200506;0100;;;;
200506;0200;;;;
200506;0300;;;;
200506;0400;;;;
200506;0500;;;;
200506;0600;;;;
200506;0700;;;;
200506;0800;;;;
200506;0900;;;;
200506;1000;;;;
200506;1100;;;;
200506;1200;;;;
200506;1300;;;;
200506;1400;;;;
200506;1500;;;;
200506;1600;;;;
200506;1700;;;;
200506;1800;;;;
200506;1900;;;;
200506;2000;;;;
200506;2100;;;120;
200506;2200;;;;
200506;2300;;;;
200507;0000;;;;
200507;0100;;;;
200507;0200;;;;
200507;0300;;;;
200507;0400;;;;
200507;0500;;;;
200507;0600;;;;
200507;0700;;;;
200507;0800;;;;
200507;0900;;;;
200507;1000;;;;
200507;1100;;;;
200507;1200;;;;
200507;1300;;;;
200507;1400;;;;
200507;1500;;;;
200507;1600;;;;
200507;1700;;;;
200507;1800;;;;
200507;1900;;;;
200507;2000;;;;
200507;2100;;;;
200507;2200;;;;
200507;2300;;;;
200508;0000;;;;
200508;0100;;;;
200508;0200;;;;
200508;0300;;;;
200508;0400;;;;
200508;0500;;;;
200508;0600;;;;
200508;0700;;;;
200508;0800;;;;
200508;0900;;;;
200508;1000;;;;
200508;1100;;;;
200508;1200;;;17,4;
200508;1300;;;;
200508;1400;;;;
200508;1500;;;;
200508;1600;;;;
200508;1700;;;;
200508;1800;;;;
200508;1900;;;;
200508;2000;;;;
200508;2100;;;;
200508;2200;;;;
200508;2300;;;;
200509;0000;;;;
200509;0100;;;;
200509;0200;;;;
200509;0300;;;;
200509;0400;;;;
200509;0500;;;;
200509;0600;;;;
200509;0700;;;;
200509;0800;;;;
200509;0900;;;;
200509;1000;;;;
200509;1100;;;;
200509;1200;;;;
200509;1300;;;;
200509;1400;;;;
200509;1500;;;;
200509;1600;;;;
200509;1700;;;;
200509;1800;;;;
200509;1900;;;;
200509;2000;;;;
200509;2100;;;;
200509;2200;;;;
200509;2300;;;;
200510;0000;;;;
200510;0100;;;;
200510;0200;;;;
200510;0300;;;;
200510;0400;;;;
200510;0500;;;;
200510;0600;;;;
200510;0700;;;;
200510;0800;;;;
200510;0900;;;;
200510;1000;;;;
200510;1100;;;;
200510;1200;;;;
200510;1300;;;;
200510;1400;;;;
200510;1500;;;;
200510;1600;;;;
200510;1700;;;;
200510;1800;;;;
200510;1900;;;;
200510;2000;;;;
200510;2100;;;;
200510;2200;;;;
200510;2300;;;;
200511;0000;;;;
200511;0100;;;;
200511;0200;;;;
200511;0300;;;;
200511;0400;;;;
200511;0500;;;;
200511;0600;;;;
200511;0700;;;;
200511;0800;;;;
200511;0900;;;;
200511;1000;;;;
200511;1100;;;;
200511;1200;;;;
200511;1300;;;;
200511;1400;;;;
200511;1500;;;;
200511;1600;;;;
200511;1700;;;;
200511;1800;;;;
200511;1900;;;;
200511;2000;;;;
200511;2100;;;;
200511;2200;;;;
200511;2300;;;;
200512;0000;;;;
200512;0100;;;;
200512;0200;;;;
200512;0300;;;;
200512;0400;;;;
200512;0500;;;;
200512;0600;;;;
200512;0700;;;;
200512;0800;;;;
200512;0900;;;;
200512;1000;;;;
200512;1100;;;;
200512;1200;;;;
200512;1300;;;;
200512;1400;;;;
200512;1500;;;;
200512;1600;;;;
200512;1700;;;;
200512;1800;;;;
200512;1900;;;;
200512;2000;;;;
200512;2100;;;;
200512;2200;;;;
200512;2300;;;;
200513;0000;;;;
200513;0100;;;;
200513;0200;;;;
200513;0300;;;;
200513;0400;;;;
200513;0500;;;;
200513;0600;;;;
200513;0700;;;;
200513;0800;;;;
200513;0900;;;;
200513;1000;;;;
200513;1100;;;;
200513;1200;;;;
200513;1300;;;;
200513;1400;;;;
200513;1500;;;;
200513;1600;;;;
200513;1700;;;;
200513;1800;;;;
200513;1900;;;;
200513;2000;;;;
200513;2100;;;;
200513;2200;;;;
200513;2300;;;;
200514;0000;;;;
200514;0100;;;;
200514;0200;;;;
200514;0300;;;;
200514;0400;;;;
200514;0500;;;;
200514;0600;;;;
200514;0700;;;;
200514;0800;;;;
200514;0900;;;;
200514;1000;;;;
200514;1100;;;;
200514;1200;;;;
200514;1300;;;;
200514;1400;;;;
200514;1500;;;;
200514;1600;;;;
200514;1700;;;;
200514;1800;;;;
200514;1900;;;;
200514;2000;;;;
200514;2100;;;;
200514;2200;;;;
200514;2300;;;;
200515;0000;;;;
200515;0100;;;;
200515;0200;;;;
200515;0300;;;;
200515;0400;;;;
200515;0500;;;;
200515;0600;;;;
200515;0700;;;;
200515;0800;;;;
200515;0900;;;;
200515;1000;;;;
200515;1100;;;;
200515;1200;;;;
200515;1300;;;;
200515;1400;;;;
200515;1500;;;;
200515;1600;;;;
200515;1700;;;66,67;
200515;1800;;;41,39;
200515;1900;;;47,6;
200515;2000;;;39,31;
200515;2100;;;29,46;
200515;2200;;;23,58;
200515;2300;;;23,29;
200516;0000;;;30,33;
200516;0100;;;24,39;
200516;0200;;;23,96;
200516;0300;;;29,04;
200516;0400;;;22,52;
200516;0500;;;17,06;
200516;0600;;;10,97;
200516;0700;;;14,36;
200516;0800;;;22,31;
200516;0900;;;40,17;
200516;1000;;;24,04;
200516;1100;;;22,92;
200516;1200;;;10,49;
200516;1300;;;32,67;
200516;1400;;;93,09;
200516;1500;;;57,42;
200516;1600;;;21,92;
200516;1700;;;19,03;
200516;1800;;;20,59;
200516;1900;;;19;
200516;2000;;;32,04;
200516;2100;;;23,46;
200516;2200;;;30,23;
200516;2300;;;18,08;
200517;0000;;;37,21;
200517;0100;;;34,07;
200517;0200;;;54,23;
200517;0300;;;63,63;
200517;0400;;;72,65;
200517;0500;;;48,12;
200517;0600;;;71,85;
200517;0700;;;76,91;
200517;0800;;;90,27;
200517;0900;;;66,02;
200517;1000;;;59,74;
200517;1100;;;28,99;
200517;1200;;;54,11;
200517;1300;;;29,2;
200517;1400;;;31,19;
200517;1500;;;25,67;
200517;1600;;;14,94;
200517;1700;;;10,23;
200517;1800;;;35,31;
200517;1900;;;53,37;
200517;2000;;;50,6;
200517;2100;;;34,78;
200517;2200;;;72,12;
200517;2300;;;34,88;
200518;0000;;;23,1;
200518;0100;;;23,97;
200518;0200;;;33,76;
200518;0300;;;29,21;
200518;0400;;;20;
200518;0500;;;13,54;
200518;0600;;;18,69;
200518;0700;;;16,42;
200518;0800;;;14,88;
200518;0900;;;18,5;
200518;1000;;;16,66;
200518;1100;;;17,27;
200518;1200;;;120,73;
200518;1300;;;13,54;
200518;1400;;;12,61;
200518;1500;;;14,26;
200518;1600;;;17,09;
200518;1700;;;20,84;
200518;1800;;;24,67;
200518;1900;;;20,3;
200518;2000;;;13,69;
200518;2100;;;10,87;
200518;2200;;;8,89;
200518;2300;;;6,35;
200519;0000;;;4,03;
200519;0100;;;4,22;
200519;0200;;;3,56;
200519;0300;;;13,72;
200519;0400;;;9,28999;
200519;0500;;;10,14;
200519;0600;;;10,88;
200519;0700;;;17,54;
200519;0800;;;8,81;
200519;0900;;;4,06;
200519;1000;;;7,57;
200519;1100;;;8,75999;
200519;1200;;;7,28;
200519;1300;;;9,75;
200519;1400;;;8,94;
200519;1500;;;11,07;
200519;1600;;;43,43;
200519;1700;;;45,27;
200519;1800;;;33,17;
200519;1900;;;10,1;
200519;2000;;;11,76;
200519;2100;;;29,79;
200519;2200;;;31,86;
200519;2300;;;10,12;
200520;0000;;;19,35;
200520;0100;;;14,79;
200520;0200;;;18,49;
200520;0300;;;11,74;
200520;0400;;;8,78;
200520;0500;;;5,89;
200520;0600;;;3,05;
200520;0700;;;4,09;
200520;0800;;;6,35;
200520;0900;;;4,18;
200520;1000;;;4,85;
200520;1100;;;25,22;
200520;1200;;;32,08;
200520;1300;;;16,39;
200520;1400;;;15,02;
200520;1500;;;10,16;
200520;1600;;;11,53;
200520;1700;;;30,79;
200520;1800;;;26,61;
200520;1900;;;12,58;
200520;2000;;;11,33;
200520;2100;;;7,47;
200520;2200;;;7,58;
200520;2300;;;10,07;
200521;0000;;;9,03999;
200521;0100;;;5,53;
200521;0200;;;4,4;
200521;0300;;;5,33;
200521;0400;;;2,67;
200521;0500;;;2,48;
200521;0600;;;2,06;
200521;0700;;;2,7;
200521;0800;;;4,77;
200521;0900;;;5,38;
200521;1000;;;5,02;
200521;1100;;;5,43;
200521;1200;;;12,15;
200521;1300;;;39,37;
200521;1400;;;77,45;
200521;1500;;;33,43;
200521;1600;;;22,27;
200521;1700;;;21,61;
200521;1800;;;42,67;
200521;1900;;;43,89;
200521;2000;;;56,61;
200521;2100;;;75,41;
200521;2200;;;56,75;
200521;2300;;;49,22;
200522;0000;;;66,87;
200522;0100;;;41,53;
200522;0200;;;30,67;
200522;0300;;;9,63;
200522;0400;;;7,24;
200522;0500;;;12,54;
200522;0600;;;28,67;
200522;0700;;;71,58;
200522;0800;;;97,42;
200522;0900;;;61,09;
200522;1000;;;30,84;
200522;1100;;;30,39;
200522;1200;;;46,56;
200522;1300;;;28,3;
200522;1400;;;43,85;
200522;1500;;;78,01;
200522;1600;;;17,51;
200522;1700;;;21,2;
200522;1800;;;26,09;
200522;1900;;;32,19;
200522;2000;;;35,28;
200522;2100;;;53,18;
200522;2200;;;51,37;
200522;2300;;;38,72;
200523;0000;;;71,05;
200523;0100;;;61,74;
200523;0200;;;63,1;
200523;0300;;;73,3;
200523;0400;;;63,11;
200523;0500;;;69,92;
200523;0600;;;86,27;
200523;0700;;;78,3101;
200523;0800;;;128,75;
200523;0900;;;61,27;
200523;1000;;;48,34;
200523;1100;;;72,0601;
200523;1200;;;47,33;
200523;1300;;;19,03;
200523;1400;;;12,45;
200523;1500;;;11,49;
200523;1600;;;21,39;
200523;1700;;;64,62;
200523;1800;;;39,63;
200523;1900;;;45,64;
200523;2000;;;56,56;
200523;2100;;;49,66;
200523;2200;;;47,28;
200523;2300;;;24,48;
200524;0000;;;25,78;
200524;0100;;;34,03;
200524;0200;;;37,76;
200524;0300;;;23,8;
200524;0400;;;27,27;
200524;0500;;;39,6;
200524;0600;;;50,11;
200524;0700;;;40,78;
200524;0800;;;42,63;
200524;0900;;;28,07;
200524;1000;;;34,29;
200524;1100;;;35,79;
200524;1200;;;32,09;
200524;1300;;;42,63;
200524;1400;;;12,36;
200524;1500;;;21,48;
200524;1600;;;32,68;
200524;1700;;;32,54;
200524;1800;;;15,06;
200524;1900;;;27,49;
200524;2000;;;128,08;
200524;2100;;;87,21;
200524;2200;;;68,7;
200524;2300;;;78,67;
200525;0000;;;82,28;
200525;0100;;;92,9401;
200525;0200;;;79,86;
200525;0300;;;73,84;
200525;0400;;;67,64;
200525;0500;;;58,76;
200525;0600;;;85,52;
200525;0700;;;131,71;
200525;0800;;;;
200525;0900;;;;
200525;1000;;;;
200525;1100;;;136,6;
200525;1200;;;104,46;
200525;1300;;;61,98;
200525;1400;;;139,82;
200525;1500;;;66,15;
200525;1600;;;90,0601;
200525;1700;;;140,93;
200525;1800;;;132,37;
200525;1900;;;95,08;
200525;2000;;;121,51;
200525;2100;;;102,51;
200525;2200;;;;
200525;2300;;;136,01;
200526;0000;;;109,08;
200526;0100;;;90,09;
200526;0200;;;78,74;
200526;0300;;;67,9301;
200526;0400;;;61,36;
200526;0500;;;58,71;
200526;0600;;;55,54;
200526;0700;;;63,06;
200526;0800;;;54,54;
200526;0900;;;51,26;
200526;1000;;;55,12;
200526;1100;;;74,89;
200526;1200;;;38,98;
200526;1300;;;51,01;
200526;1400;;;26,69;
200526;1500;;;29,34;
200526;1600;;;21,57;
200526;1700;;;36,72;
200526;1800;;;50,8;
200526;1900;;;80,47;
200526;2000;;;49,47;
200526;2100;;;104,19;
200526;2200;;;144,26;
200526;2300;;;116,18;
200527;0000;;;57,64;
200527;0100;;;21,69;
200527;0200;;;20,57;
200527;0300;;;18,06;
200527;0400;;;12,96;
200527;0500;;;11,29;
200527;0600;;;25,08;
200527;0700;;;28,65;
200527;0800;;;39,65;
200527;0900;;;38,1;
200527;1000;;;27,62;
200527;1100;;;23,28;
200527;1200;;;10,72;
200527;1300;;;14,85;
200527;1400;;;26,69;
200527;1500;;;21,54;
200527;1600;;;30,75;
200527;1700;;;34,8;
200527;1800;;;34,66;
200527;1900;;;24,16;
200527;2000;;;24,87;
200527;2100;;;25,41;
200527;2200;;;30,88;
200527;2300;;;36,08;
200528;0000;;;62,05;
200528;0100;;;48,09;
200528;0200;;;7,88;
200528;0300;;;7,23;
200528;0400;;;7,1;
200528;0500;;;2,51;
200528;0600;;;9,02;
200528;0700;;;4,56;
200528;0800;;;15,76;
200528;0900;;;15,91;
200528;1000;;;9,46001;
200528;1100;;;16,96;
200528;1200;;;13,11;
200528;1300;;;6,22;
200528;1400;;;6,86;
200528;1500;;;16,65;
200528;1600;;;39,94;
200528;1700;;;21,76;
200528;1800;;;28,46;
200528;1900;;;31,97;
200528;2000;;;19,19;
200528;2100;;;14,74;
200528;2200;;;28,89;
200528;2300;;;36,31;
200529;0000;;;9,63;
200529;0100;;;8,14999;
200529;0200;;;4,12;
200529;0300;;;11,92;
200529;0400;;;8,36;
200529;0500;;;3,32;
200529;0600;;;11,77;
200529;0700;;;23,93;
200529;0800;;;52,95;
200529;0900;;;45,99;
200529;1000;;;27,19;
200529;1100;;;52,67;
200529;1200;;;42,55;
200529;1300;;;20,61;
200529;1400;;;13,49;
200529;1500;;;35,91;
200529;1600;;;15,49;
200529;1700;;;14,4;
200529;1800;;;17,54;
200529;1900;;;19,52;
200529;2000;;;13,96;
200529;2100;;;43,34;
200529;2200;;;21,9;
200529;2300;;;11,21;
200530;0000;;;19,07;
200530;0100;;;3,78;
200530;0200;;;8,28;
200530;0300;;;1,34;
200530;0400;;;1,77;
200530;0500;;;15,27;
200530;0600;;;53,39;
200530;0700;;;81,27;
200530;0800;;;100,83;
200530;0900;;;66,91;
200530;1000;;;41,66;
200530;1100;;;44,18;
200530;1200;;;32,63;
200530;1300;;;24,43;
200530;1400;;;30,19;
200530;1500;;;22,96;
200530;1600;;;22,88;
200530;1700;;;16,1;
200530;1800;;;20,63;
200530;1900;;;20,25;
200530;2000;;;16,31;
200530;2100;;;14,53;
200530;2200;;;21,92;
200530;2300;;;29,31;
200531;0000;;;31,56;
200531;0100;;;34,78;
200531;0200;;;37,26;
200531;0300;;;28,79;
200531;0400;;;29,65;
200531;0500;;;8,89;
200531;0600;;;5,04;
200531;0700;;;6,24;
200531;0800;;;8,71001;
200531;0900;;;5,21;
200531;1000;;;6,2;
200531;1100;;;6,97;
200531;1200;;;36,87;
200531;1300;;;33,84;
200531;1400;;;43,25;
200531;1500;;;20,79;
200531;1600;;;36,18;
200531;1700;;;55,05;
200531;1800;;;65,3;
200531;1900;;;76,41;
200531;2000;;;43,16;
200531;2100;;;93,71;
200531;2200;;;108,96;
200531;2300;;;58,73;
200601;0000;;;73,73;
200601;0100;;;78,1801;
200601;0200;;;68,52;
200601;0300;;;66,76;
200601;0400;;;58,37;
200601;0500;;;59,07;
200601;0600;;;86,8;
200601;0700;;;148,35;
200601;0800;;;;
200601;0900;;;77,15;
200601;1000;;;12,76;
200601;1100;;;18,34;
200601;1200;;;18,06;
200601;1300;;;35,43;
200601;1400;;;69,46;
200601;1500;;;29,77;
200601;1600;;;26,52;
200601;1700;;;35,84;
200601;1800;;;83,7;
200601;1900;;;73,84;
200601;2000;;;55,48;
200601;2100;;;45,44;
200601;2200;;;64,75;
200601;2300;;;39,82;
200602;0000;;;30,25;
200602;0100;;;22,03;
200602;0200;;;21,69;
200602;0300;;;9,02;
200602;0400;;;12,54;
200602;0500;;;15,05;
200602;0600;;;16,74;
200602;0700;;;12,73;
200602;0800;;;11,79;
200602;0900;;;13,13;
200602;1000;;;14,83;
200602;1100;;;20,03;
200602;1200;;;21,17;
200602;1300;;;143,93;
200602;1400;;;21,15;
200602;1500;;;22,42;
200602;1600;;;15,95;
200602;1700;;;16,56;
200602;1800;;;14,58;
200602;1900;;;6,28;
200602;2000;;;6,66;
200602;2100;;;4,23;
200602;2200;;;9,22;
200602;2300;;;6,41;
200603;0000;;;14,69;
200603;0100;;;7,04;
200603;0200;;;9,74001;
200603;0300;;;6,33;
200603;0400;;;19,52;
200603;0500;;;21,89;
200603;0600;;;16,72;
200603;0700;;;37,71;
200603;0800;;;82,09;
200603;0900;;;47,66;
200603;1000;;;77,85;
200603;1100;;;55,11;
200603;1200;;;58,49;
200603;1300;;;71,46;
200603;1400;;;41,56;
200603;1500;;;62,29;
200603;1600;;;47,57;
200603;1700;;;68,35;
200603;1800;;;77,27;
200603;1900;;;61,76;
200603;2000;;;84,53;
200603;2100;;;104,67;
200603;2200;;;67,77;
200603;2300;;;124,81;
200604;0000;;;73,6801;
200604;0100;;;61,39;
200604;0200;;;49,26;
200604;0300;;;50,88;
200604;0400;;;42,83;
200604;0500;;;44,62;
200604;0600;;;69,21;
200604;0700;;;73,3199;
200604;0800;;;123,28;
200604;0900;;;59,33;
200604;1000;;;33,89;
200604;1100;;;34,16;
200604;1200;;;4,58;
200604;1300;;;23,2;
200604;1400;;;23,2;
200604;1500;;;19,53;
200604;1600;;;22,38;
200604;1700;;;32,77;
200604;1800;;;56,67;
200604;1900;;;33,96;
200604;2000;;;65,83;
200604;2100;;;63,74;
200604;2200;;;79,3;
200604;2300;;;59,08;
200605;0000;;;54,39;
200605;0100;;;42,51;
200605;0200;;;16,79;
200605;0300;;;3,15;
200605;0400;;;2,67;
200605;0500;;;10,27;
200605;0600;;;40,7;
200605;0700;;;9,95;
200605;0800;;;6,46;
200605;0900;;;6,11;
200605;1000;;;4,45;
200605;1100;;;8,00999;
200605;1200;;;9,7;
200605;1300;;;6,45;
200605;1400;;;7,16;
200605;1500;;;6,78;
200605;1600;;;9,60001;
200605;1700;;;31,79;
200605;1800;;;36,66;
200605;1900;;;13,94;
200605;2000;;;7,83;
200605;2100;;;9,97;
200605;2200;;;7,65;
200605;2300;;;4,81;
200606;0000;;;3,36;
200606;0100;;;1,45;
200606;0200;;;2,15;
200606;0300;;;1,56;
200606;0400;;;1,14;
200606;0500;;;1,72;
200606;0600;;;1,47;
200606;0700;;;2,98;
200606;0800;;;3,74;
200606;0900;;;5,15;
200606;1000;;;7,96;
200606;1100;;;6,69;
200606;1200;;;9,03999;
200606;1300;;;8,78;
200606;1400;;;11,25;
200606;1500;;;11;
200606;1600;;;37,15;
200606;1700;;;37,27;
200606;1800;;;19,97;
200606;1900;;;8,75;
200606;2000;;;15,83;
200606;2100;;;18,38;
200606;2200;;;17,59;
200606;2300;;;7,85;
200607;0000;;;11,5;
200607;0100;;;4,2;
200607;0200;;;1,22;
200607;0300;;;1;
200607;0400;;;1;
200607;0500;;;1;
200607;0600;;;1;
200607;0700;;;1;
200607;0800;;;1,49;
200607;0900;;;1,07;
200607;1000;;;2,55;
200607;1100;;;2,27;
200607;1200;;;6,62;
200607;1300;;;8,68001;
200607;1400;;;7,31;
200607;1500;;;8,67;
200607;1600;;;11,66;
200607;1700;;;19,13;
200607;1800;;;38,42;
200607;1900;;;24,76;
200607;2000;;;21,45;
200607;2100;;;16,11;
200607;2200;;;13,46;
200607;2300;;;12,72;
200608;0000;;;6,53;
200608;0100;;;2,75;
200608;0200;;;1,66;
200608;0300;;;2,29;
200608;0400;;;2,19;
200608;0500;;;3,54;
200608;0600;;;4,7;
200608;0700;;;5,36;
200608;0800;;;5,8;
200608;0900;;;10,08;
200608;1000;;;9,71001;
200608;1100;;;14,43;
200608;1200;;;25,3;
200608;1300;;;25,04;
200608;1400;;;18,97;
200608;1500;;;15,64;
200608;1600;;;13,59;
200608;1700;;;23,53;
200608;1800;;;17,47;
200608;1900;;;33,81;
200608;2000;;;19,64;
200608;2100;;;21,25;
200608;2200;;;7,93;
200608;2300;;;7,57;
200609;0000;;;10,78;
200609;0100;;;13,95;
200609;0200;;;17,11;
200609;0300;;;9,69;
200609;0400;;;12,65;
200609;0500;;;7,89;
200609;0600;;;27,06;
200609;0700;;;100,92;
200609;0800;;;119,63;
200609;0900;;;25,92;
200609;1000;;;10,98;
200609;1100;;;6,01;
200609;1200;;;11,12;
200609;1300;;;13,76;
200609;1400;;;8,94;
200609;1500;;;9,3;
200609;1600;;;12,27;
200609;1700;;;23,87;
200609;1800;;;34,42;
200609;1900;;;29,2;
200609;2000;;;23,19;
200609;2100;;;19,57;
200609;2200;;;13,69;
200609;2300;;;5,71;
200610;0000;;;4,17;
200610;0100;;;2,76;
200610;0200;;;1,39;
200610;0300;;;1,25;
200610;0400;;;1,39;
200610;0500;;;1,77;
200610;0600;;;3,17;
200610;0700;;;6,01;
200610;0800;;;6,7;
200610;0900;;;10,04;
200610;1000;;;12,72;
200610;1100;;;10,7;
200610;1200;;;12,35;
200610;1300;;;12,68;
200610;1400;;;13,04;
200610;1500;;;13,68;
200610;1600;;;18,24;
200610;1700;;;15,92;
200610;1800;;;15,49;
200610;1900;;;11,7;
200610;2000;;;9,68001;
200610;2100;;;8,28999;
200610;2200;;;5,22;
200610;2300;;;3,54;
200611;0000;;;2,55;
200611;0100;;;1,74;
200611;0200;;;1,49;
200611;0300;;;1,49;
200611;0400;;;1,55;
200611;0500;;;1,77;
200611;0600;;;1,72;
200611;0700;;;3,78;
200611;0800;;;3,93;
200611;0900;;;3,83;
200611;1000;;;5,61;
200611;1100;;;5,47;
200611;1200;;;70,25;
200611;1300;;;4,73;
200611;1400;;;9,75999;
200611;1500;;;17,6;
200611;1600;;;14,26;
200611;1700;;;17,44;
200611;1800;;;14,31;
200611;1900;;;14,99;
200611;2000;;;10,95;
200611;2100;;;5,92;
200611;2200;;;6,51;
200611;2300;;;4,32;
200612;0000;;;2,42;
200612;0100;;;1,2;
200612;0200;;;1,87;
200612;0300;;;4,04;
200612;0400;;;8,18001;
200612;0500;;;7,28;
200612;0600;;;21,66;
200612;0700;;;15,34;
200612;0800;;;10,48;
200612;0900;;;11,32;
200612;1000;;;14,73;
200612;1100;;;14,99;
200612;1200;;;10,94;
200612;1300;;;9,08;
200612;1400;;;8,25;
200612;1500;;;12,05;
200612;1600;;;24,04;
200612;1700;;;40,38;
200612;1800;;;36,84;
200612;1900;;;14,33;
200612;2000;;;14,33;
200612;2100;;;33,1;
200612;2200;;;29,23;
200612;2300;;;11,28;
200613;0000;;;9,69;
200613;0100;;;17,86;
200613;0200;;;7,86;
200613;0300;;;2,2;
200613;0400;;;2,06;
200613;0500;;;2,56;
200613;0600;;;3,42;
200613;0700;;;16,57;
200613;0800;;;52,54;
200613;0900;;;9,41;
200613;1000;;;5,68;
200613;1100;;;5,92;
200613;1200;;;6,77;
200613;1300;;;23,46;
200613;1400;;;16,24;
200613;1500;;;23,25;
200613;1600;;;26,69;
200613;1700;;;18,14;
200613;1800;;;11,09;
200613;1900;;;23,72;
200613;2000;;;47,16;
200613;2100;;;44,82;
200613;2200;;;39,85;
200613;2300;;;94,65;
200614;0000;;;48,51;
200614;0100;;;45,28;
200614;0200;;;47,91;
200614;0300;;;38,79;
200614;0400;;;38,88;
200614;0500;;;34,88;
200614;0600;;;30,68;
200614;0700;;;24,32;
200614;0800;;;67,88;
200614;0900;;;62,87;
200614;1000;;;23,9;
200614;1100;;;17,18;
200614;1200;;;20,93;
200614;1300;;;24,84;
200614;1400;;;26,76;
200614;1500;;;31,74;
200614;1600;;;38,08;
200614;1700;;;39,82;
200614;1800;;;63,47;
200614;1900;;;32,69;
200614;2000;;;50,44;
200614;2100;;;53,3;
200614;2200;;;65,45;
200614;2300;;;90,91;
200615;0000;;;38,84;
200615;0100;;;4,56;
200615;0200;;;3,48;
200615;0300;;;2,89;
200615;0400;;;3,39;
200615;0500;;;2,97;
200615;0600;;;4,04;
200615;0700;;;2,01;
200615;0800;;;2,02;
200615;0900;;;3,47;
200615;1000;;;5,32;
200615;1100;;;8,47;
200615;1200;;;7,9;
200615;1300;;;6,9;
200615;1400;;;5,81;
200615;1500;;;6,08;
200615;1600;;;5,19;
200615;1700;;;6,16;
200615;1800;;;8,3;
200615;1900;;;8,56;
200615;2000;;;7,59;
200615;2100;;;6,96;
200615;2200;;;7,2;
200615;2300;;;4,03;
200616;0000;;;3,65;
200616;0100;;;2,67;
200616;0200;;;1,97;
200616;0300;;;1,44;
200616;0400;;;1,6;
200616;0500;;;1,53;
200616;0600;;;3,44;
200616;0700;;;5,73;
200616;0800;;;7,04;
200616;0900;;;6,62;
200616;1000;;;8,19;
200616;1100;;;8,94;
200616;1200;;;34,73;
200616;1300;;;87,0699;
200616;1400;;;9,11;
200616;1500;;;9,00999;
200616;1600;;;9,99001;
200616;1700;;;14,99;
200616;1800;;;17;
200616;1900;;;13,52;
200616;2000;;;14,94;
200616;2100;;;18,11;
200616;2200;;;13,35;
200616;2300;;;5,78;
200617;0000;;;7,02;
200617;0100;;;9,32001;
200617;0200;;;4,01;
200617;0300;;;2,5;
200617;0400;;;3,3;
200617;0500;;;4,74;
200617;0600;;;6,56;
200617;0700;;;12,47;
200617;0800;;;9,39;
200617;0900;;;5,86;
200617;1000;;;8,24001;
200617;1100;;;15,62;
200617;1200;;;18,62;
200617;1300;;;16,6;
200617;1400;;;8,41;
200617;1500;;;11,09;
200617;1600;;;10,5;
200617;1700;;;16,59;
200617;1800;;;23,77;
200617;1900;;;17,49;
200617;2000;;;12,57;
200617;2100;;;7,01;
200617;2200;;;4,59;
200617;2300;;;2,9;
200618;0000;;;2,49;
200618;0100;;;2,04;
200618;0200;;;1,73;
200618;0300;;;1,79;
200618;0400;;;1,63;
200618;0500;;;2,22;
200618;0600;;;3,43;
200618;0700;;;3,82;
200618;0800;;;4,26;
200618;0900;;;4,87;
200618;1000;;;6,19;
200618;1100;;;7,8;
200618;1200;;;6,48;
200618;1300;;;9,24001;
200618;1400;;;10,98;
200618;1500;;;9,31;
200618;1600;;;10,84;
200618;1700;;;13,21;
200618;1800;;;12,06;
200618;1900;;;10,63;
200618;2000;;;8,47;
200618;2100;;;8,69;
200618;2200;;;6,87;
200618;2300;;;3,57;
200619;0000;;;2,32;
200619;0100;;;3,36;
200619;0200;;;4,43;
200619;0300;;;2,29;
200619;0400;;;3,08;
200619;0500;;;3,7;
200619;0600;;;6,32;
200619;0700;;;10,02;
200619;0800;;;20,65;
200619;0900;;;24,14;
200619;1000;;;18,97;
200619;1100;;;13,77;
200619;1200;;;8,64;
200619;1300;;;9,08;
200619;1400;;;8,28999;
200619;1500;;;9,33;
200619;1600;;;12,6;
200619;1700;;;18,49;
200619;1800;;;35,79;
200619;1900;;;39,84;
200619;2000;;;27,73;
200619;2100;;;22,48;
200619;2200;;;14,87;
200619;2300;;;11,47;
200620;0000;;;6,31;
200620;0100;;;4,58;
200620;0200;;;2,68;
200620;0300;;;2,27;
200620;0400;;;1,9;
200620;0500;;;2,21;
200620;0600;;;3,85;
200620;0700;;;5,31;
200620;0800;;;5,22;
200620;0900;;;6,12;
200620;1000;;;6,51;
200620;1100;;;7,39;
200620;1200;;;7,7;
200620;1300;;;7,02;
200620;1400;;;8,91;
200620;1500;;;7,51;
200620;1600;;;8,32001;
200620;1700;;;11,32;
200620;1800;;;15,21;
200620;1900;;;17,68;
200620;2000;;;22,07;
200620;2100;;;18,93;
200620;2200;;;13,82;
200620;2300;;;4,98;
200621;0000;;;4,82;
200621;0100;;;7,83;
200621;0200;;;4,2;
200621;0300;;;5,8;
200621;0400;;;9,13;
200621;0500;;;2,55;
200621;0600;;;1,45;
200621;0700;;;2,41;
200621;0800;;;2,59;
200621;0900;;;2,42;
200621;1000;;;2,92;
200621;1100;;;2,6;
200621;1200;;;5,1;
200621;1300;;;8,2;
200621;1400;;;8,73;
200621;1500;;;4,93;
200621;1600;;;6,35;
200621;1700;;;7,85;
200621;1800;;;8,03999;
200621;1900;;;11;
200621;2000;;;15,76;
200621;2100;;;8,19;
200621;2200;;;8,45;
200621;2300;;;6,05;
200622;0000;;;3,27;
200622;0100;;;2,54;
200622;0200;;;1,44;
200622;0300;;;1,25;
200622;0400;;;2,14;
200622;0500;;;2,37;
200622;0600;;;3,36;
200622;0700;;;5,7;
200622;0800;;;21,78;
200622;0900;;;14,76;
200622;1000;;;9,64;
200622;1100;;;11,17;
200622;1200;;;81,5;
200622;1300;;;14,51;
200622;1400;;;10,97;
200622;1500;;;10,72;
200622;1600;;;11,53;
200622;1700;;;29,17;
200622;1800;;;41;
200622;1900;;;47,55;
200622;2000;;;47,21;
200622;2100;;;20,56;
200622;2200;;;11,15;
200622;2300;;;10,48;
200623;0000;;;6,34;
200623;0100;;;2,32;
200623;0200;;;2,49;
200623;0300;;;2,23;
200623;0400;;;5,34;
200623;0500;;;2,5;
200623;0600;;;3,29;
200623;0700;;;6,27;
200623;0800;;;12,61;
200623;0900;;;12,79;
200623;1000;;;12,43;
200623;1100;;;7,38;
200623;1200;;;5,43;
200623;1300;;;8,09;
200623;1400;;;9,28;
200623;1500;;;6,07;
200623;1600;;;9,13;
200623;1700;;;23,65;
200623;1800;;;42,64;
200623;1900;;;28,16;
200623;2000;;;42,38;
200623;2100;;;35,76;
200623;2200;;;15,82;
200623;2300;;;8,38;
200624;0000;;;5,85;
200624;0100;;;3,08;
200624;0200;;;2,54;
200624;0300;;;1;
200624;0400;;;1;
200624;0500;;;1;
200624;0600;;;2,95;
200624;0700;;;8,25999;
200624;0800;;;6,85;
200624;0900;;;5,84;
200624;1000;;;7,86;
200624;1100;;;2,4;
200624;1200;;;2,38;
200624;1300;;;3,97;
200624;1400;;;1,42;
200624;1500;;;3,23;
200624;1600;;;2,24;
200624;1700;;;3,85;
200624;1800;;;7,41;
200624;1900;;;5,57;
200624;2000;;;8,84;
200624;2100;;;7,91;
200624;2200;;;4,72;
200624;2300;;;1,86;
200625;0000;;;1;
200625;0100;;;1;
200625;0200;;;1;
200625;0300;;;1;
200625;0400;;;1;
200625;0500;;;1;
200625;0600;;;1;
200625;0700;;;1,29;
200625;0800;;;1,77;
200625;0900;;;1;
200625;1000;;;3,59;
200625;1100;;;2;
200625;1200;;;2,64;
200625;1300;;;2,5;
200625;1400;;;4,36;
200625;1500;;;3,94;
200625;1600;;;7,35;
200625;1700;;;9,34;
200625;1800;;;11,98;
200625;1900;;;12,39;
200625;2000;;;9,05;
200625;2100;;;6,85;
200625;2200;;;6,13;
200625;2300;;;1,84;
200626;0000;;;1;
200626;0100;;;1;
200626;0200;;;1;
200626;0300;;;1;
200626;0400;;;1;
200626;0500;;;1;
200626;0600;;;1;
200626;0700;;;1,54;
200626;0800;;;2,57;
200626;0900;;;4,72;
200626;1000;;;5,92;
200626;1100;;;6,61;
200626;1200;;;7,31;
200626;1300;;;6,2;
200626;1400;;;4,52;
200626;1500;;;3,22;
200626;1600;;;3,82;
200626;1700;;;4,33;
200626;1800;;;4,4;
200626;1900;;;3,35;
200626;2000;;;3,5;
200626;2100;;;2,87;
200626;2200;;;2,42;
200626;2300;;;1,82;
200627;0000;;;1;
200627;0100;;;1;
200627;0200;;;1;
200627;0300;;;1;
200627;0400;;;1;
200627;0500;;;1;
200627;0600;;;1;
200627;0700;;;1;
200627;0800;;;1;
200627;0900;;;1;
200627;1000;;;1;
200627;1100;;;1,84;
200627;1200;;;4,07;
200627;1300;;;4,49;
200627;1400;;;5,61;
200627;1500;;;3,73;
200627;1600;;;5,19;
200627;1700;;;5,31;
200627;1800;;;31,44;
200627;1900;;;16,12;
200627;2000;;;9,07001;
200627;2100;;;6,27;
200627;2200;;;3,69;
200627;2300;;;1,65;
200628;0000;;;1,03;
200628;0100;;;1;
200628;0200;;;1;
200628;0300;;;1;
200628;0400;;;1;
200628;0500;;;1;
200628;0600;;;1;
200628;0700;;;1;
200628;0800;;;1;
200628;0900;;;1;
200628;1000;;;2,99;
200628;1100;;;5,09;
200628;1200;;;7,35;
200628;1300;;;5,02;
200628;1400;;;4,65;
200628;1500;;;6,3;
200628;1600;;;6,22;
200628;1700;;;7,39;
200628;1800;;;9,99001;
200628;1900;;;10,22;
200628;2000;;;11,11;
200628;2100;;;9,93001;
200628;2200;;;9,74001;
200628;2300;;;6,28;
200629;0000;;;2,68;
200629;0100;;;1;
200629;0200;;;1;
200629;0300;;;1;
200629;0400;;;1;
200629;0500;;;1;
200629;0600;;;1;
200629;0700;;;1;
200629;0800;;;1;
200629;0900;;;1;
200629;1000;;;1;
200629;1100;;;5,86;
200629;1200;;;6,81;
200629;1300;;;4,03;
200629;1400;;;3,65;
200629;1500;;;4,86;
200629;1600;;;7,17;
200629;1700;;;9,66;
200629;1800;;;20,45;
200629;1900;;;17,36;
200629;2000;;;31,82;
200629;2100;;;17,79;
200629;2200;;;10,12;
200629;2300;;;7,26;
200630;0000;;;5,64;
200630;0100;;;3,04;
200630;0200;;;1,35;
200630;0300;;;1;
200630;0400;;;1;
200630;0500;;;1;
200630;0600;;;2,79;
200630;0700;;;5,74;
200630;0800;;;5,26;
200630;0900;;;7,51;
200630;1000;;;12,05;
200630;1100;;;10,71;
200630;1200;;;8,64;
200630;1300;;;10,92;
200630;1400;;;10,21;
200630;1500;;;9,17;
200630;1600;;;11,59;
200630;1700;;;12,24;
200630;1800;;;13,56;
200630;1900;;;9,53999;
200630;2000;;;5,6;
200630;2100;;;4,02;
200630;2200;;;2,57;
200630;2300;;;1;
200701;0000;;;1;
200701;0100;;;1;
200701;0200;;;1;
200701;0300;;;1;
200701;0400;;;1;
200701;0500;;;1;
200701;0600;;;1;
200701;0700;;;5,15;
200701;0800;;;6,24;
200701;0900;;;14,79;
200701;1000;;;9,42;
200701;1100;;;8,10001;
200701;1200;;;77;
200701;1300;;;18,34;
200701;1400;;;13;
200701;1500;;;9,92;
200701;1600;;;12,72;
200701;1700;;;29,5;
200701;1800;;;58,27;
200701;1900;;;33,95;
200701;2000;;;42,33;
200701;2100;;;74,79;
200701;2200;;;56,57;
200701;2300;;;28,66;
200702;0000;;;56,28;
200702;0100;;;69,3101;
200702;0200;;;83,73;
200702;0300;;;62,67;
200702;0400;;;46,42;
200702;0500;;;34,5;
200702;0600;;;7,34;
200702;0700;;;16,93;
200702;0800;;;69,78;
200702;0900;;;71,36;
200702;1000;;;24,2;
200702;1100;;;3,44;
200702;1200;;;19,74;
200702;1300;;;40,56;
200702;1400;;;38,96;
200702;1500;;;44,82;
200702;1600;;;25,81;
200702;1700;;;39,98;
200702;1800;;;44,2;
200702;1900;;;49,22;
200702;2000;;;72,75;
200702;2100;;;42,86;
200702;2200;;;36,66;
200702;2300;;;24,3;
200703;0000;;;13,04;
200703;0100;;;2,24;
200703;0200;;;1;
200703;0300;;;1;
200703;0400;;;1;
200703;0500;;;1;
200703;0600;;;1;
200703;0700;;;1,2;
200703;0800;;;2,45;
200703;0900;;;4,32;
200703;1000;;;7,21;
200703;1100;;;14,07;
200703;1200;;;9,39999;
200703;1300;;;6,84;
200703;1400;;;7,35;
200703;1500;;;9,88;
200703;1600;;;10,66;
200703;1700;;;19,24;
200703;1800;;;41,23;
200703;1900;;;42,75;
200703;2000;;;29,39;
200703;2100;;;21,77;
200703;2200;;;2,81;
200703;2300;;;12,11;
200704;0000;;;5,07;
200704;0100;;;2,24;
200704;0200;;;3,14;
200704;0300;;;1,4;
200704;0400;;;1;
200704;0500;;;2,03;
200704;0600;;;7,76;
200704;0700;;;1;
200704;0800;;;1;
200704;0900;;;1;
200704;1000;;;1;
200704;1100;;;2,08;
200704;1200;;;4,29;
200704;1300;;;7,74;
200704;1400;;;8,16;
200704;1500;;;8,06;
200704;1600;;;9,87;
200704;1700;;;18,07;
200704;1800;;;16,42;
200704;1900;;;12,09;
200704;2000;;;9,39999;
200704;2100;;;8,89;
200704;2200;;;5,76;
200704;2300;;;4,42;
200705;0000;;;2,23;
200705;0100;;;1,43;
200705;0200;;;1;
200705;0300;;;1;
200705;0400;;;1;
200705;0500;;;4,18;
200705;0600;;;3,38;
200705;0700;;;12,15;
200705;0800;;;17,32;
200705;0900;;;6,83;
200705;1000;;;11,14;
200705;1100;;;5,5;
200705;1200;;;9,8;
200705;1300;;;14,57;
200705;1400;;;6,41;
200705;1500;;;6,56;
200705;1600;;;8,42;
200705;1700;;;10,78;
200705;1800;;;10,14;
200705;1900;;;3,13;
200705;2000;;;4,63;
200705;2100;;;25,19;
200705;2200;;;26,24;
200705;2300;;;21,79;
200706;0000;;;33,72;
200706;0100;;;29,01;
200706;0200;;;19,73;
200706;0300;;;14,52;
200706;0400;;;3,94;
200706;0500;;;1;
200706;0600;;;1;
200706;0700;;;3,16;
200706;0800;;;64,85;
200706;0900;;;54,07;
200706;1000;;;51;
200706;1100;;;30,07;
200706;1200;;;40,35;
200706;1300;;;23,71;
200706;1400;;;114,41;
200706;1500;;;20,87;
200706;1600;;;18,06;
200706;1700;;;29,89;
200706;1800;;;35,23;
200706;1900;;;46,82;
200706;2000;;;30,95;
200706;2100;;;33,97;
200706;2200;;;72,5601;
200706;2300;;;83;
200707;0000;;;119,17;
200707;0100;;;70,46;
200707;0200;;;70,75;
200707;0300;;;60,6;
200707;0400;;;54,07;
200707;0500;;;41,34;
200707;0600;;;5,65;
200707;0700;;;2,02;
200707;0800;;;4,15;
200707;0900;;;2,21;
200707;1000;;;5,25;
200707;1100;;;11,81;
200707;1200;;;14,32;
200707;1300;;;8,34;
200707;1400;;;9,3;
200707;1500;;;10,4;
200707;1600;;;7,53;
200707;1700;;;9,25;
200707;1800;;;9,81;
200707;1900;;;7,93;
200707;2000;;;11,63;
200707;2100;;;9,49001;
200707;2200;;;3,21;
200707;2300;;;1,97;
200708;0000;;;14,75;
200708;0100;;;3,34;
200708;0200;;;1;
200708;0300;;;1,66;
200708;0400;;;3,12;
200708;0500;;;6,09;
200708;0600;;;24,84;
200708;0700;;;31,48;
200708;0800;;;132,32;
200708;0900;;;99,3;
200708;1000;;;28,66;
200708;1100;;;10,16;
200708;1200;;;9,24001;
200708;1300;;;7,71;
200708;1400;;;7,08;
200708;1500;;;7,14;
200708;1600;;;10,76;
200708;1700;;;25,14;
200708;1800;;;48,81;
200708;1900;;;43,97;
200708;2000;;;35,92;
200708;2100;;;38,74;
200708;2200;;;24,92;
200708;2300;;;14,04;
200709;0000;;;10,97;
200709;0100;;;6,61;
200709;0200;;;4,52;
200709;0300;;;2,49;
200709;0400;;;1,77;
200709;0500;;;1,08;
200709;0600;;;2,51;
200709;0700;;;4,14;
200709;0800;;;3,98;
200709;0900;;;6,33;
200709;1000;;;3,59;
200709;1100;;;4,15;
200709;1200;;;4,76;
200709;1300;;;5,36;
200709;1400;;;6,57;
200709;1500;;;7,09;
200709;1600;;;6,55;
200709;1700;;;7,32;
200709;1800;;;8,36;
200709;1900;;;6,64;
200709;2000;;;5,37;
200709;2100;;;4,64;
200709;2200;;;2,46;
200709;2300;;;1;
200710;0000;;;1;
200710;0100;;;1;
200710;0200;;;1;
200710;0300;;;1;
200710;0400;;;5,36;
200710;0500;;;1;
200710;0600;;;14,2;
200710;0700;;;31,07;
200710;0800;;;8;
200710;0900;;;8,56;
200710;1000;;;10,98;
200710;1100;;;16,7;
200710;1200;;;18,26;
200710;1300;;;10,05;
200710;1400;;;5,33;
200710;1500;;;9,95;
200710;1600;;;11,7;
200710;1700;;;12,9;
200710;1800;;;26,48;
200710;1900;;;24,54;
200710;2000;;;15,52;
200710;2100;;;17,49;
200710;2200;;;14,17;
200710;2300;;;17,76;
200711;0000;;;16,62;
200711;0100;;;2,41;
200711;0200;;;2,25;
200711;0300;;;1,72;
200711;0400;;;5,29;
200711;0500;;;3,61;
200711;0600;;;10,68;
200711;0700;;;24,41;
200711;0800;;;12,34;
200711;0900;;;13,75;
200711;1000;;;8,33;
200711;1100;;;8,74001;
200711;1200;;;5,4;
200711;1300;;;7,65;
200711;1400;;;6,45;
200711;1500;;;7,64;
200711;1600;;;14,15;
200711;1700;;;16,07;
200711;1800;;;18,19;
200711;1900;;;12,21;
200711;2000;;;9,00999;
200711;2100;;;7,7;
200711;2200;;;7,75;
200711;2300;;;4,18;
200712;0000;;;3,13;
200712;0100;;;1,72;
200712;0200;;;2,24;
200712;0300;;;1;
200712;0400;;;1;
200712;0500;;;1,67;
200712;0600;;;2,56;
200712;0700;;;7,93;
200712;0800;;;2,82;
200712;0900;;;2,17;
200712;1000;;;2,59;
200712;1100;;;4,77;
200712;1200;;;8,03;
200712;1300;;;7,62;
200712;1400;;;11,02;
200712;1500;;;14,29;
200712;1600;;;20,78;
200712;1700;;;12,96;
200712;1800;;;12,7;
200712;1900;;;8,69;
200712;2000;;;5,26;
200712;2100;;;3,23;
200712;2200;;;1,45;
200712;2300;;;1;
200713;0000;;;1,41;
200713;0100;;;1,14;
200713;0200;;;1,85;
200713;0300;;;1;
200713;0400;;;1;
200713;0500;;;2,62;
200713;0600;;;23,41;
200713;0700;;;38,14;
200713;0800;;;101,94;
200713;0900;;;28,03;
200713;1000;;;1;
200713;1100;;;1,69;
200713;1200;;;21;
200713;1300;;;16,73;
200713;1400;;;25,83;
200713;1500;;;19,62;
200713;1600;;;47,67;
200713;1700;;;17,04;
200713;1800;;;26,02;
200713;1900;;;22,28;
200713;2000;;;21,12;
200713;2100;;;15,7;
200713;2200;;;4,21;
200713;2300;;;3,22;
200714;0000;;;11,16;
200714;0100;;;34,76;
200714;0200;;;15,99;
200714;0300;;;13,27;
200714;0400;;;9,85001;
200714;0500;;;18,88;
200714;0600;;;2,91;
200714;0700;;;17,78;
200714;0800;;;143,32;
200714;0900;;;98,2;
200714;1000;;;94,63;
200714;1100;;;90,13;
200714;1200;;;77,4;
200714;1300;;;46,07;
200714;1400;;;68,74;
200714;1500;;;71,15;
200714;1600;;;35,87;
200714;1700;;;31,47;
200714;1800;;;31,49;
200714;1900;;;68,0699;
200714;2000;;;138,26;
200714;2100;;;105,45;
200714;2200;;;117,1;
200714;2300;;;70,8199;
200715;0000;;;62,67;
200715;0100;;;71,13;
200715;0200;;;60,91;
200715;0300;;;42,46;
200715;0400;;;46,33;
200715;0500;;;79,1801;
200715;0600;;;96,47;
200715;0700;;;108,53;
200715;0800;;;;
200715;0900;;;;
200715;1000;;;108,63;
200715;1100;;;87,8101;
200715;1200;;;68,7;
200715;1300;;;119,89;
200715;1400;;;62,59;
200715;1500;;;25,17;
200715;1600;;;30,76;
200715;1700;;;61,38;
200715;1800;;;77,3;
200715;1900;;;110,38;
200715;2000;;;40,28;
200715;2100;;;41,04;
200715;2200;;;30,67;
200715;2300;;;18,96;
200716;0000;;;6,61;
200716;0100;;;2,15;
200716;0200;;;1;
200716;0300;;;1;
200716;0400;;;1;
200716;0500;;;1;
200716;0600;;;1,19;
200716;0700;;;1,65;
200716;0800;;;1,32;
200716;0900;;;1,41;
200716;1000;;;2,99;
200716;1100;;;4,08;
200716;1200;;;6,2;
200716;1300;;;5,86;
200716;1400;;;6,37;
200716;1500;;;7,38;
200716;1600;;;7,21;
200716;1700;;;6,86;
200716;1800;;;6,77;
200716;1900;;;6,42;
200716;2000;;;4,03;
200716;2100;;;3,08;
200716;2200;;;1,9;
200716;2300;;;1;
200717;0000;;;1;
200717;0100;;;1;
200717;0200;;;1;
200717;0300;;;1;
200717;0400;;;1;
200717;0500;;;1;
200717;0600;;;2,4;
200717;0700;;;2,08;
200717;0800;;;3,78;
200717;0900;;;5,26;
200717;1000;;;5,87;
200717;1100;;;6,33;
200717;1200;;;5,26;
200717;1300;;;5;
200717;1400;;;5,67;
200717;1500;;;4,75;
200717;1600;;;6,08;
200717;1700;;;7,52;
200717;1800;;;6,53;
200717;1900;;;5,94;
200717;2000;;;3,78;
200717;2100;;;3,61;
200717;2200;;;1,73;
200717;2300;;;1;
200718;0000;;;1;
200718;0100;;;1;
200718;0200;;;1;
200718;0300;;;1;
200718;0400;;;1;
200718;0500;;;1;
200718;0600;;;1,24;
200718;0700;;;2,74;
200718;0800;;;2,92;
200718;0900;;;3,23;
200718;1000;;;4,62;
200718;1100;;;6,14;
200718;1200;;;5,65;
200718;1300;;;3,94;
200718;1400;;;5,34;
200718;1500;;;4,44;
200718;1600;;;4,92;
200718;1700;;;6,82;
200718;1800;;;8,14;
200718;1900;;;9,83;
200718;2000;;;7,95;
200718;2100;;;5,75;
200718;2200;;;3,91;
200718;2300;;;2,02;
200719;0000;;;1,24;
200719;0100;;;1,13;
200719;0200;;;1;
200719;0300;;;1;
200719;0400;;;1;
200719;0500;;;1;
200719;0600;;;3,9;
200719;0700;;;5,03;
200719;0800;;;3,35;
200719;0900;;;1,9;
200719;1000;;;1,53;
200719;1100;;;2,96;
200719;1200;;;3,32;
200719;1300;;;4,75;
200719;1400;;;4,69;
200719;1500;;;5,07;
200719;1600;;;7,91;
200719;1700;;;10,02;
200719;1800;;;13,59;
200719;1900;;;13,25;
200719;2000;;;10,18;
200719;2100;;;10,05;
200719;2200;;;5,6;
200719;2300;;;2,54;
200720;0000;;;1;
200720;0100;;;1;
200720;0200;;;1;
200720;0300;;;1;
200720;0400;;;1;
200720;0500;;;1;
200720;0600;;;1;
200720;0700;;;7,52;
200720;0800;;;4,88;
200720;0900;;;7,49;
200720;1000;;;3,06;
200720;1100;;;9,52;
200720;1200;;;7,25;
200720;1300;;;5,96;
200720;1400;;;28,99;
200720;1500;;;79,38;
200720;1600;;;6,63;
200720;1700;;;14,32;
200720;1800;;;17,2;
200720;1900;;;12,91;
200720;2000;;;7,45;
200720;2100;;;1,68;
200720;2200;;;1;
200720;2300;;;1;
200721;0000;;;1;
200721;0100;;;1;
200721;0200;;;1;
200721;0300;;;1;
200721;0400;;;1;
200721;0500;;;1;
200721;0600;;;1;
200721;0700;;;1;
200721;0800;;;1,15;
200721;0900;;;1,18;
200721;1000;;;1,4;
200721;1100;;;1,75;
200721;1200;;;1,4;
200721;1300;;;2,12;
200721;1400;;;3,27;
200721;1500;;;6,38;
200721;1600;;;10,21;
200721;1700;;;7,44;
200721;1800;;;8,52;
200721;1900;;;8,19;
200721;2000;;;6,78;
200721;2100;;;3,42;
200721;2200;;;1,68;
200721;2300;;;1,5;
200722;0000;;;1;
200722;0100;;;1;
200722;0200;;;1;
200722;0300;;;1;
200722;0400;;;1;
200722;0500;;;1;
200722;0600;;;1;
200722;0700;;;1,29;
200722;0800;;;1;
200722;0900;;;1,54;
200722;1000;;;1,3;
200722;1100;;;2,65;
200722;1200;;;1,36;
200722;1300;;;1,31;
200722;1400;;;2,02;
200722;1500;;;4,08;
200722;1600;;;4,97;
200722;1700;;;9,50999;
200722;1800;;;14,05;
200722;1900;;;19,57;
200722;2000;;;25,22;
200722;2100;;;18,65;
200722;2200;;;10,24;
200722;2300;;;4,24;
200723;0000;;;2,9;
200723;0100;;;1,25;
200723;0200;;;1;
200723;0300;;;1;
200723;0400;;;1;
200723;0500;;;1;
200723;0600;;;7,66;
200723;0700;;;15,17;
200723;0800;;;25,73;
200723;0900;;;57,33;
200723;1000;;;9,22;
200723;1100;;;2,94;
200723;1200;;;21,8;
200723;1300;;;4,98;
200723;1400;;;22,75;
200723;1500;;;16,92;
200723;1600;;;13,7;
200723;1700;;;25,76;
200723;1800;;;55,34;
200723;1900;;;32,63;
200723;2000;;;22;
200723;2100;;;30,47;
200723;2200;;;27,34;
200723;2300;;;18,53;
200724;0000;;;10,17;
200724;0100;;;20,45;
200724;0200;;;11,41;
200724;0300;;;7,11;
200724;0400;;;5,56;
200724;0500;;;11;
200724;0600;;;12,59;
200724;0700;;;34,44;
200724;0800;;;68,26;
200724;0900;;;3,89;
200724;1000;;;1;
200724;1100;;;5,17;
200724;1200;;;18,97;
200724;1300;;;20,31;
200724;1400;;;15,7;
200724;1500;;;15,88;
200724;1600;;;15,23;
200724;1700;;;29,24;
200724;1800;;;23,56;
200724;1900;;;18,13;
200724;2000;;;19,89;
200724;2100;;;18,63;
200724;2200;;;22,01;
200724;2300;;;6,92;
200725;0000;;;4,51;
200725;0100;;;2,98;
200725;0200;;;1,38;
200725;0300;;;1;
200725;0400;;;1;
200725;0500;;;1;
200725;0600;;;1,29;
200725;0700;;;3,67;
200725;0800;;;5,07;
200725;0900;;;5,8;
200725;1000;;;8,47;
200725;1100;;;10,46;
200725;1200;;;10,46;
200725;1300;;;8,91;
200725;1400;;;9,02;
200725;1500;;;8,09;
200725;1600;;;9,84;
200725;1700;;;9,14;
200725;1800;;;8,83;
200725;1900;;;6,86;
200725;2000;;;6,08;
200725;2100;;;5,06;
200725;2200;;;3,19;
200725;2300;;;1;
200726;0000;;;1;
200726;0100;;;1;
200726;0200;;;1;
200726;0300;;;1;
200726;0400;;;1;
200726;0500;;;1;
200726;0600;;;1,03;
200726;0700;;;3,85;
200726;0800;;;1,9;
200726;0900;;;4,63;
200726;1000;;;4,08;
200726;1100;;;3,13;
200726;1200;;;4,34;
200726;1300;;;3,82;
200726;1400;;;2,91;
200726;1500;;;4,13;
200726;1600;;;5,12;
200726;1700;;;8,47;
200726;1800;;;13,7;
200726;1900;;;8,52;
200726;2000;;;12,79;
200726;2100;;;8,43001;
200726;2200;;;5,78;
200726;2300;;;1,54;
200727;0000;;;3,05;
200727;0100;;;3,33;
200727;0200;;;1,77;
200727;0300;;;1;
200727;0400;;;1,53;
200727;0500;;;1,53;
200727;0600;;;17,4;
200727;0700;;;22,51;
200727;0800;;;68,62;
200727;0900;;;47,32;
200727;1000;;;2,55;
200727;1100;;;11,85;
200727;1200;;;3,75;
200727;1300;;;3,09;
200727;1400;;;4,67;
200727;1500;;;1;
200727;1600;;;1,53;
200727;1700;;;2,66;
200727;1800;;;3,56;
200727;1900;;;11,48;
200727;2000;;;35,66;
200727;2100;;;9,57001;
200727;2200;;;3,29;
200727;2300;;;6,78;
200728;0000;;;11,88;
200728;0100;;;7,96;
200728;0200;;;5,29;
200728;0300;;;5,15;
200728;0400;;;11,39;
200728;0500;;;12,71;
200728;0600;;;40,34;
200728;0700;;;95,33;
200728;0800;;;134,32;
200728;0900;;;92,53;
200728;1000;;;38,93;
200728;1100;;;35,87;
200728;1200;;;12,12;
200728;1300;;;97,25;
200728;1400;;;4,9;
200728;1500;;;5,91;
200728;1600;;;12,45;
200728;1700;;;36,22;
200728;1800;;;50,64;
200728;1900;;;36,12;
200728;2000;;;42,54;
200728;2100;;;10,57;
200728;2200;;;6,78;
200728;2300;;;13,42;
200729;0000;;;3,46;
200729;0100;;;6,13;
200729;0200;;;3,34;
200729;0300;;;3,38;
200729;0400;;;1,87;
200729;0500;;;3,38;
200729;0600;;;3,09;
200729;0700;;;2,11;
200729;0800;;;1,56;
200729;0900;;;4,58;
200729;1000;;;44,5;
200729;1100;;;40,48;
200729;1200;;;39,33;
200729;1300;;;25,2;
200729;1400;;;23,5;
200729;1500;;;17,6;
200729;1600;;;22,07;
200729;1700;;;37,87;
200729;1800;;;30,22;
200729;1900;;;40,16;
200729;2000;;;33,39;
200729;2100;;;19,75;
200729;2200;;;8,66;
200729;2300;;;28,22;
200730;0000;;;30,63;
200730;0100;;;25,91;
200730;0200;;;20,66;
200730;0300;;;23,09;
200730;0400;;;17,55;
200730;0500;;;20,21;
200730;0600;;;17,82;
200730;0700;;;10,01;
200730;0800;;;5,67;
200730;0900;;;2,17;
200730;1000;;;4,24;
200730;1100;;;9,31;
200730;1200;;;6,52;
200730;1300;;;7,54;
200730;1400;;;8,59;
200730;1500;;;11,09;
200730;1600;;;12,6;
200730;1700;;;14,67;
200730;1800;;;23,29;
200730;1900;;;35,25;
200730;2000;;;22,47;
200730;2100;;;12,64;
200730;2200;;;7,79;
200730;2300;;;2,6;
200731;0000;;;1;
200731;0100;;;1;
200731;0200;;;1;
200731;0300;;;1;
200731;0400;;;1;
200731;0500;;;1;
200731;0600;;;1;
200731;0700;;;1;
200731;0800;;;1;
200731;0900;;;3,59;
200731;1000;;;4,21;
200731;1100;;;18,86;
200731;1200;;;10,89;
200731;1300;;;1,73;
200731;1400;;;1,47;
200731;1500;;;16,53;
200731;1600;;;18,64;
200731;1700;;;18,02;
200731;1800;;;8,98;
200731;1900;;;30,47;
200731;2000;;;27,36;
200731;2100;;;11,18;
200731;2200;;;17,79;
200731;2300;;;27,11;
200801;0000;;;3,22;
200801;0100;;;6,19;
200801;0200;;;3,74;
200801;0300;;;1;
200801;0400;;;1;
200801;0500;;;1;
200801;0600;;;1;
200801;0700;;;1,46;
200801;0800;;;2,6;
200801;0900;;;2,75;
200801;1000;;;7,72;
200801;1100;;;11,02;
200801;1200;;;10,83;
200801;1300;;;8,38;
200801;1400;;;8,35001;
200801;1500;;;7,91;
200801;1600;;;10,59;
200801;1700;;;12,23;
200801;1800;;;22,01;
200801;1900;;;27,29;
200801;2000;;;11,35;
200801;2100;;;8,18001;
200801;2200;;;6,17;
200801;2300;;;18;
200802;0000;;;9,63;
200802;0100;;;6,39;
200802;0200;;;7,92;
200802;0300;;;3,58;
200802;0400;;;1;
200802;0500;;;1;
200802;0600;;;1;
200802;0700;;;1;
200802;0800;;;1;
200802;0900;;;1;
200802;1000;;;1;
200802;1100;;;1;
200802;1200;;;1;
200802;1300;;;1;
200802;1400;;;6,54;
200802;1500;;;9,32001;
200802;1600;;;4,76;
200802;1700;;;9,23;
200802;1800;;;14,64;
200802;1900;;;12,74;
200802;2000;;;11,8;
200802;2100;;;8,61;
200802;2200;;;6,74;
200802;2300;;;4,4;
200803;0000;;;2,5;
200803;0100;;;1,47;
200803;0200;;;1,03;
200803;0300;;;2,71;
200803;0400;;;1;
200803;0500;;;1,1;
200803;0600;;;5,66;
200803;0700;;;12,56;
200803;0800;;;21,85;
200803;0900;;;14,72;
200803;1000;;;3,22;
200803;1100;;;2,68;
200803;1200;;;7,25;
200803;1300;;;107,63;
200803;1400;;;6,27;
200803;1500;;;9,53999;
200803;1600;;;12,26;
200803;1700;;;21,37;
200803;1800;;;29,86;
200803;1900;;;20,75;
200803;2000;;;15,83;
200803;2100;;;12,83;
200803;2200;;;8,55;
200803;2300;;;5,31;
200804;0000;;;3,86;
200804;0100;;;2,15;
200804;0200;;;1;
200804;0300;;;1;
200804;0400;;;1;
200804;0500;;;1;
200804;0600;;;1;
200804;0700;;;11,92;
200804;0800;;;26,14;
200804;0900;;;15,88;
200804;1000;;;1;
200804;1100;;;12,78;
200804;1200;;;18,53;
200804;1300;;;16,62;
200804;1400;;;18,98;
200804;1500;;;10,93;
200804;1600;;;13,88;
200804;1700;;;17,3;
200804;1800;;;17,53;
200804;1900;;;12,82;
200804;2000;;;8,84;
200804;2100;;;6,19;
200804;2200;;;3,94;
200804;2300;;;2,59;
200805;0000;;;2,59;
200805;0100;;;2,12;
200805;0200;;;5,22;
200805;0300;;;3,42;
200805;0400;;;1;
200805;0500;;;1;
200805;0600;;;1,41;
200805;0700;;;6,8;
200805;0800;;;7,37;
200805;0900;;;4,9;
200805;1000;;;3,54;
200805;1100;;;4,26;
200805;1200;;;4,76;
200805;1300;;;3,02;
200805;1400;;;4,16;
200805;1500;;;3,9;
200805;1600;;;5,44;
200805;1700;;;7,66;
200805;1800;;;11,12;
200805;1900;;;9,39;
200805;2000;;;3,12;
200805;2100;;;6,07;
200805;2200;;;2,31;
200805;2300;;;1;
200806;0000;;;3,6;
200806;0100;;;6,72;
200806;0200;;;2,61;
200806;0300;;;4,23;
200806;0400;;;6,32;
200806;0500;;;14,08;
200806;0600;;;65,6801;
200806;0700;;;89,73;
200806;0800;;;57,82;
200806;0900;;;27,09;
200806;1000;;;11,56;
200806;1100;;;16,65;
200806;1200;;;12,18;
200806;1300;;;42,51;
200806;1400;;;8,45;
200806;1500;;;4,82;
200806;1600;;;5,77;
200806;1700;;;6,21;
200806;1800;;;7,98;
200806;1900;;;10,88;
200806;2000;;;22,13;
200806;2100;;;32,15;
200806;2200;;;11,86;
200806;2300;;;13,26;
200807;0000;;;11,79;
200807;0100;;;18,3;
200807;0200;;;26,19;
200807;0300;;;25,63;
200807;0400;;;16,53;
200807;0500;;;17,96;
200807;0600;;;31,05;
200807;0700;;;27,6;
200807;0800;;;12,42;
200807;0900;;;30,97;
200807;1000;;;22,19;
200807;1100;;;15,46;
200807;1200;;;29,35;
200807;1300;;;18,62;
200807;1400;;;12,02;
200807;1500;;;5,15;
200807;1600;;;8,39;
200807;1700;;;9,05;
200807;1800;;;24,01;
200807;1900;;;14,04;
200807;2000;;;15;
200807;2100;;;19,9;
200807;2200;;;20,6;
200807;2300;;;22,86;
200808;0000;;;30,92;
200808;0100;;;32,64;
200808;0200;;;22,05;
200808;0300;;;19,56;
200808;0400;;;14,68;
200808;0500;;;17,83;
200808;0600;;;29,37;
200808;0700;;;36,27;
200808;0800;;;42,38;
200808;0900;;;40,5;
200808;1000;;;22,95;
200808;1100;;;19,13;
200808;1200;;;10,7;
200808;1300;;;8,03;
200808;1400;;;5,65;
200808;1500;;;6,89;
200808;1600;;;7,17;
200808;1700;;;7,9;
200808;1800;;;15,07;
200808;1900;;;22,19;
200808;2000;;;10,88;
200808;2100;;;6,73;
200808;2200;;;26,58;
200808;2300;;;29,92;
200809;0000;;;;
200809;0100;;;20,33;
200809;0200;;;22,05;
200809;0300;;;20,05;
200809;0400;;;1;
200809;0500;;;1;
200809;0600;;;1,06;
200809;0700;;;3,34;
200809;0800;;;2,67;
200809;0900;;;1,76;
200809;1000;;;2,86;
200809;1100;;;3,28;
200809;1200;;;2,97;
200809;1300;;;4,56;
200809;1400;;;13,87;
200809;1500;;;40,16;
200809;1600;;;12,83;
200809;1700;;;2,14;
200809;1800;;;3,97;
200809;1900;;;3,55;
200809;2000;;;3,38;
200809;2100;;;4,12;
200809;2200;;;4,16;
200809;2300;;;1,73;
200810;0000;;;4,78;
200810;0100;;;10,51;
200810;0200;;;6,56;
200810;0300;;;1,32;
200810;0400;;;4,64;
200810;0500;;;2,56;
200810;0600;;;5,61;
200810;0700;;;48,09;
200810;0800;;;6,48;
200810;0900;;;9,13;
200810;1000;;;7,93;
200810;1100;;;2,98;
200810;1200;;;3,84;
200810;1300;;;73,95;
200810;1400;;;4,48;
200810;1500;;;4,44;
200810;1600;;;4,98;
200810;1700;;;7,38;
200810;1800;;;10,14;
200810;1900;;;11,12;
200810;2000;;;13,07;
200810;2100;;;37,15;
200810;2200;;;14,26;
200810;2300;;;9,38;
200811;0000;;;9,91;
200811;0100;;;6,37;
200811;0200;;;6,84;
200811;0300;;;5,32;
200811;0400;;;3,81;
200811;0500;;;5,28;
200811;0600;;;44,76;
200811;0700;;;87,1;
200811;0800;;;30,36;
200811;0900;;;27,24;
200811;1000;;;22,63;
200811;1100;;;17,43;
200811;1200;;;9,28;
200811;1300;;;10,38;
200811;1400;;;12,88;
200811;1500;;;5,66;
200811;1600;;;8,05;
200811;1700;;;6,85;
200811;1800;;;10,7;
200811;1900;;;11,77;
200811;2000;;;9,68001;
200811;2100;;;11,47;
200811;2200;;;15,85;
200811;2300;;;7,99;
200812;0000;;;9,25999;
200812;0100;;;6,98;
200812;0200;;;8,16;
200812;0300;;;6,26;
200812;0400;;;6,13;
200812;0500;;;12,24;
200812;0600;;;38,13;
200812;0700;;;63,76;
200812;0800;;;47,68;
200812;0900;;;16,61;
200812;1000;;;19,41;
200812;1100;;;11,7;
200812;1200;;;33,31;
200812;1300;;;21,55;
200812;1400;;;6,61;
200812;1500;;;7,22;
200812;1600;;;7,12;
200812;1700;;;9,46001;
200812;1800;;;10,03;
200812;1900;;;8,19;
200812;2000;;;10,16;
200812;2100;;;11,27;
200812;2200;;;18,59;
200812;2300;;;15,54;
200813;0000;;;13,98;
200813;0100;;;9,78;
200813;0200;;;11,67;
200813;0300;;;9,89999;
200813;0400;;;5,08;
200813;0500;;;10,13;
200813;0600;;;3,54;
200813;0700;;;26,46;
200813;0800;;;77,52;
200813;0900;;;33,61;
200813;1000;;;16,81;
200813;1100;;;9,53999;
200813;1200;;;6,5;
200813;1300;;;8,97;
200813;1400;;;8,89999;
200813;1500;;;11,57;
200813;1600;;;12,75;
200813;1700;;;18,48;
200813;1800;;;16,04;
200813;1900;;;16,87;
200813;2000;;;11,83;
200813;2100;;;7,41;
200813;2200;;;6,1;
200813;2300;;;4,87;
200814;0000;;;4,41;
200814;0100;;;9,39;
200814;0200;;;6,74;
200814;0300;;;3,8;
200814;0400;;;4,29;
200814;0500;;;2,63;
200814;0600;;;26,48;
200814;0700;;;8,89;
200814;0800;;;9,75999;
200814;0900;;;7,45;
200814;1000;;;18,04;
200814;1100;;;21,1;
200814;1200;;;12,26;
200814;1300;;;8,41;
200814;1400;;;7,06;
200814;1500;;;6,54;
200814;1600;;;8,77;
200814;1700;;;11,09;
200814;1800;;;13,39;
200814;1900;;;16,59;
200814;2000;;;31,62;
200814;2100;;;32,07;
200814;2200;;;24,09;
200814;2300;;;13,02;
200815;0000;;;5,28;
200815;0100;;;9,48;
200815;0200;;;2,7;
200815;0300;;;5,83;
200815;0400;;;3,15;
200815;0500;;;4,97;
200815;0600;;;2,96;
200815;0700;;;22,35;
200815;0800;;;9,42;
200815;0900;;;6,55;
200815;1000;;;3,16;
200815;1100;;;9,21001;
200815;1200;;;21,22;
200815;1300;;;14,16;
200815;1400;;;5,68;
200815;1500;;;15,43;
200815;1600;;;9,89;
200815;1700;;;6,9;
200815;1800;;;4,68;
200815;1900;;;11,03;
200815;2000;;;19,91;
200815;2100;;;24,57;
200815;2200;;;24,98;
200815;2300;;;13,84;
200816;0000;;;4,44;
200816;0100;;;1,85;
200816;0200;;;3,25;
200816;0300;;;4,16;
200816;0400;;;9,38;
200816;0500;;;6,1;
200816;0600;;;14,05;
200816;0700;;;8,94;
200816;0800;;;11,7;
200816;0900;;;6,82;
200816;1000;;;10,32;
200816;1100;;;10,6;
200816;1200;;;30,16;
200816;1300;;;10,35;
200816;1400;;;20,96;
200816;1500;;;6;
200816;1600;;;7,53;
200816;1700;;;6,95;
200816;1800;;;5,86;
200816;1900;;;6,16;
200816;2000;;;21,2;
200816;2100;;;21,49;
200816;2200;;;80,05;
200816;2300;;;52,07;
200817;0000;;;10,47;
200817;0100;;;10,34;
200817;0200;;;10,04;
200817;0300;;;6,74;
200817;0400;;;8,25;
200817;0500;;;17,55;
200817;0600;;;42,14;
200817;0700;;;102,32;
200817;0800;;;138,33;
200817;0900;;;32,82;
200817;1000;;;21,43;
200817;1100;;;13,94;
200817;1200;;;103,07;
200817;1300;;;11,38;
200817;1400;;;6,36;
200817;1500;;;11,88;
200817;1600;;;8,28999;
200817;1700;;;10,23;
200817;1800;;;15,67;
200817;1900;;;11,3;
200817;2000;;;34,06;
200817;2100;;;11,07;
200817;2200;;;17,85;
200817;2300;;;13,06;
200818;0000;;;8,12;
200818;0100;;;6,36;
200818;0200;;;6,33;
200818;0300;;;6,35;
200818;0400;;;6,58;
200818;0500;;;7,09;
200818;0600;;;3,47;
200818;0700;;;5,89;
200818;0800;;;9,59;
200818;0900;;;11,23;
200818;1000;;;7,8;
200818;1100;;;40,78;
200818;1200;;;28,57;
200818;1300;;;6,39;
200818;1400;;;15,72;
200818;1500;;;31,22;
200818;1600;;;25,7;
200818;1700;;;13,25;
200818;1800;;;9,77;
200818;1900;;;7,7;
200818;2000;;;9,14999;
200818;2100;;;13,59;
200818;2200;;;17,02;
200818;2300;;;20,01;
200819;0000;;;4,32;
200819;0100;;;1,98;
200819;0200;;;8,52;
200819;0300;;;11,97;
200819;0400;;;12,16;
200819;0500;;;8,97;
200819;0600;;;17,07;
200819;0700;;;41,47;
200819;0800;;;23,49;
200819;0900;;;26,41;
200819;1000;;;19,81;
200819;1100;;;17,57;
200819;1200;;;9,44;
200819;1300;;;4,82;
200819;1400;;;6,15;
200819;1500;;;5,97;
200819;1600;;;9,75;
200819;1700;;;11,28;
200819;1800;;;12,96;
200819;1900;;;26,31;
200819;2000;;;28,64;
200819;2100;;;37,68;
200819;2200;;;42,24;
200819;2300;;;27,45;
200820;0000;;;22,96;
200820;0100;;;45,67;
200820;0200;;;39,6;
200820;0300;;;35,79;
200820;0400;;;34,57;
200820;0500;;;44,76;
200820;0600;;;61,61;
200820;0700;;;43,97;
200820;0800;;;43,97;
200820;0900;;;43,97;
200820;1000;;;43,97;
200820;1100;;;43,97;
200820;1200;;;43,97;
200820;1300;;;43,97;
200820;1400;;;43,97;
200820;1500;;;43,97;
200820;1600;;;21,75;
200820;1700;;;31,76;
200820;1800;;;25,13;
200820;1900;;;14,38;
200820;2000;;;23,72;
200820;2100;;;23,78;
200820;2200;;;42,33;
200820;2300;;;55,23;
200821;0000;;;47,82;
200821;0100;;;20,38;
200821;0200;;;25,2;
200821;0300;;;25,63;
200821;0400;;;24,54;
200821;0500;;;35,43;
200821;0600;;;72,59;
200821;0700;;;100;
200821;0800;;;85,65;
200821;0900;;;57,74;
200821;1000;;;38,65;
200821;1100;;;56,53;
200821;1200;;;91,28;
200821;1300;;;65,39;
200821;1400;;;22,73;
200821;1500;;;17,99;
200821;1600;;;16,59;
200821;1700;;;10,49;
200821;1800;;;11,15;
200821;1900;;;24,8;
200821;2000;;;47,35;
200821;2100;;;37,11;
200821;2200;;;39,57;
200821;2300;;;33,47;
200822;0000;;;35,52;
200822;0100;;;29,82;
200822;0200;;;32,11;
200822;0300;;;30,95;
200822;0400;;;40,29;
200822;0500;;;27,8;
200822;0600;;;39,91;
200822;0700;;;39,64;
200822;0800;;;79,99;
200822;0900;;;49,77;
200822;1000;;;49,41;
200822;1100;;;57,97;
200822;1200;;;45,95;
200822;1300;;;25,19;
200822;1400;;;19,87;
200822;1500;;;20,95;
200822;1600;;;23,69;
200822;1700;;;15,85;
200822;1800;;;14,61;
200822;1900;;;11,22;
200822;2000;;;10,42;
200822;2100;;;10,73;
200822;2200;;;8,39;
200822;2300;;;7,91;
200823;0000;;;5,1;
200823;0100;;;2,4;
200823;0200;;;1,96;
200823;0300;;;1,24;
200823;0400;;;1,33;
200823;0500;;;1,07;
200823;0600;;;1,68;
200823;0700;;;1,41;
200823;0800;;;1,63;
200823;0900;;;1,88;
200823;1000;;;3,13;
200823;1100;;;5;
200823;1200;;;5,53;
200823;1300;;;4,9;
200823;1400;;;5,42;
200823;1500;;;5,58;
200823;1600;;;5,26;
200823;1700;;;6,59;
200823;1800;;;5,65;
200823;1900;;;8,03999;
200823;2000;;;7,14;
200823;2100;;;6,04;
200823;2200;;;3,97;
200823;2300;;;3,43;
200824;0000;;;2,04;
200824;0100;;;1;
200824;0200;;;1;
200824;0300;;;1;
200824;0400;;;1;
200824;0500;;;1;
200824;0600;;;1,18;
200824;0700;;;1,18;
200824;0800;;;1,18;
200824;0900;;;1,18;
200824;1000;;;1,18;
200824;1100;;;1,18;
200824;1200;;;4,5;
200824;1300;;;4,62;
200824;1400;;;6,07;
200824;1500;;;5,76;
200824;1600;;;5,37;
200824;1700;;;4,11;
200824;1800;;;3,75;
200824;1900;;;3,28;
200824;2000;;;2,91;
200824;2100;;;3,9;
200824;2200;;;3,02;
200824;2300;;;1,38;
200825;0000;;;1,4;
200825;0100;;;1,1;
200825;0200;;;1;
200825;0300;;;1;
200825;0400;;;1;
200825;0500;;;1;
200825;0600;;;1,53;
200825;0700;;;2,01;
200825;0800;;;2,75;
200825;0900;;;3,11;
200825;1000;;;4,69;
200825;1100;;;6,43;
200825;1200;;;5,4;
200825;1300;;;5,32;
200825;1400;;;5,77;
200825;1500;;;5,9;
200825;1600;;;134,86;
200825;1700;;;6,86;
200825;1800;;;8,69;
200825;1900;;;9;
200825;2000;;;5,54;
200825;2100;;;3,45;
200825;2200;;;2,93;
200825;2300;;;2,02;
200826;0000;;;1,71;
200826;0100;;;1,37;
200826;0200;;;1,02;
200826;0300;;;1,09;
200826;0400;;;2,08;
200826;0500;;;2,41;
200826;0600;;;7,02;
200826;0700;;;9,07001;
200826;0800;;;10,71;
200826;0900;;;8,85001;
200826;1000;;;6,59;
200826;1100;;;5,89;
200826;1200;;;7,72;
200826;1300;;;6,89;
200826;1400;;;6,14;
200826;1500;;;6,25;
200826;1600;;;5,92;
200826;1700;;;9,14;
200826;1800;;;14,85;
200826;1900;;;27,37;
200826;2000;;;28,9;
200826;2100;;;16,89;
200826;2200;;;15,35;
200826;2300;;;10,82;
200827;0000;;;4,94;
200827;0100;;;2,75;
200827;0200;;;1,72;
200827;0300;;;1,83;
200827;0400;;;1,26;
200827;0500;;;1,32;
200827;0600;;;2,12;
200827;0700;;;2,57;
200827;0800;;;3,79;
200827;0900;;;8,25999;
200827;1000;;;10,16;
200827;1100;;;9,53999;
200827;1200;;;8,81;
200827;1300;;;7,22;
200827;1400;;;9,28999;
200827;1500;;;6,35;
200827;1600;;;9,24001;
200827;1700;;;13,45;
200827;1800;;;17,16;
200827;1900;;;18,78;
200827;2000;;;14,57;
200827;2100;;;13;
200827;2200;;;9,31;
200827;2300;;;9,67;
200828;0000;;;6,73;
200828;0100;;;6,94;
200828;0200;;;3,13;
200828;0300;;;1,64;
200828;0400;;;1,38;
200828;0500;;;1,73;
200828;0600;;;2,16;
200828;0700;;;1,58;
200828;0800;;;1,58;
200828;0900;;;1,58;
200828;1000;;;1,58;
200828;1100;;;1,58;
200828;1200;;;1,58;
200828;1300;;;1,58;
200828;1400;;;1,58;
200828;1500;;;1,58;
200828;1600;;;1,58;
200828;1700;;;1,58;
200828;1800;;;1,58;
200828;1900;;;1,58;
200828;2000;;;1,58;
200828;2100;;;1,58;
200828;2200;;;1,58;
200828;2300;;;1,58;
200829;0000;;;1,58;
200829;0100;;;1,58;
200829;0200;;;1,58;
200829;0300;;;1,58;
200829;0400;;;1,58;
200829;0500;;;1,58;
200829;0600;;;1,58;
200829;0700;;;1,58;
200829;0800;;;1,58;
200829;0900;;;1,58;
200829;1000;;;1,34;
200829;1100;;;1;
200829;1200;;;8,46001;
200829;1300;;;38,9;
200829;1400;;;9,07001;
200829;1500;;;14,53;
200829;1600;;;7,94;
200829;1700;;;7,92;
200829;1800;;;8,25;
200829;1900;;;7,36;
200829;2000;;;8,83;
200829;2100;;;11,8;
200829;2200;;;12,06;
200829;2300;;;18,74;
200830;0000;;;14,88;
200830;0100;;;11,23;
200830;0200;;;10,86;
200830;0300;;;5,07;
200830;0400;;;4,76;
200830;0500;;;5,58;
200830;0600;;;24,7;
200830;0700;;;26,32;
200830;0800;;;6,44;
200830;0900;;;23,85;
200830;1000;;;30,46;
200830;1100;;;26,99;
200830;1200;;;9,07001;
200830;1300;;;11,09;
200830;1400;;;7,09;
200830;1500;;;6,23;
200830;1600;;;8,89;
200830;1700;;;11,7;
200830;1800;;;7,6;
200830;1900;;;9,32001;
200830;2000;;;11,45;
200830;2100;;;11,96;
200830;2200;;;14,51;
200830;2300;;;15,2;
200831;0000;;;18,11;
200831;0100;;;37,36;
200831;0200;;;21,77;
200831;0300;;;22,44;
200831;0400;;;20,73;
200831;0500;;;14;
200831;0600;;;57,26;
200831;0700;;;115,23;
200831;0800;;;76,75;
200831;0900;;;13,94;
200831;1000;;;5,06;
200831;1100;;;9,09;
200831;1200;;;11,9;
200831;1300;;;108,98;
200831;1400;;;4,97;
200831;1500;;;6,42;
200831;1600;;;12,57;
200831;1700;;;16,1;
200831;1800;;;10,92;
200831;1900;;;16,75;
200831;2000;;;10,29;
200831;2100;;;13,37;
200831;2200;;;22,58;
200831;2300;;;29,46;
200901;0000;;;23,35;
200901;0100;;;51,85;
200901;0200;;;24,84;
200901;0300;;;21,46;
200901;0400;;;27,68;
200901;0500;;;21,43;
200901;0600;;;24,65;
200901;0700;;;14,65;
200901;0800;;;34,36;
200901;0900;;;16,4;
200901;1000;;;12,01;
200901;1100;;;10,84;
200901;1200;;;10,98;
200901;1300;;;7,41;
200901;1400;;;9,14999;
200901;1500;;;8,67;
200901;1600;;;9,41;
200901;1700;;;12,72;
200901;1800;;;18,55;
200901;1900;;;24,36;
200901;2000;;;20,69;
200901;2100;;;22,09;
200901;2200;;;17,16;
200901;2300;;;11,25;
200902;0000;;;8,60001;
200902;0100;;;6,09;
200902;0200;;;6,39;
200902;0300;;;5,31;
200902;0400;;;10,33;
200902;0500;;;13,82;
200902;0600;;;19,92;
200902;0700;;;97,96;
200902;0800;;;26,74;
200902;0900;;;11,29;
200902;1000;;;15,03;
200902;1100;;;7,73;
200902;1200;;;;
200902;1300;;;118,2;
200902;1400;;;16,71;
200902;1500;;;19,07;
200902;1600;;;6,95;
200902;1700;;;9,14999;
200902;1800;;;15,81;
200902;1900;;;11,29;
200902;2000;;;7,85;
200902;2100;;;14,41;
200902;2200;;;10,07;
200902;2300;;;16,91;
200903;0000;;;15,14;
200903;0100;;;9,93001;
200903;0200;;;8,11;
200903;0300;;;7,36;
200903;0400;;;6,1;
200903;0500;;;7,44;
200903;0600;;;7,06;
200903;0700;;;7,94;
200903;0800;;;5,32;
200903;0900;;;7,74;
200903;1000;;;9,82001;
200903;1100;;;11,86;
200903;1200;;;7,28;
200903;1300;;;5,61;
200903;1400;;;5,97;
200903;1500;;;4,41;
200903;1600;;;8,91;
200903;1700;;;12,29;
200903;1800;;;26,61;
200903;1900;;;19,81;
200903;2000;;;22,39;
200903;2100;;;14,98;
200903;2200;;;7,12;
200903;2300;;;9,33;
200904;0000;;;7,31;
200904;0100;;;11,77;
200904;0200;;;11,69;
200904;0300;;;15,23;
200904;0400;;;17,52;
200904;0500;;;17,88;
200904;0600;;;33,69;
200904;0700;;;17,82;
200904;0800;;;32,81;
200904;0900;;;15,86;
200904;1000;;;35,4;
200904;1100;;;19,91;
200904;1200;;;18,13;
200904;1300;;;10,33;
200904;1400;;;22,49;
200904;1500;;;14,81;
200904;1600;;;13,73;
200904;1700;;;15,12;
200904;1800;;;21,88;
200904;1900;;;21,2;
200904;2000;;;10,6;
200904;2100;;;14,55;
200904;2200;;;10,3;
200904;2300;;;8,93001;
200905;0000;;;9,38;
200905;0100;;;5,99;
200905;0200;;;10,7;
200905;0300;;;3,06;
200905;0400;;;1,99;
200905;0500;;;1,27;
200905;0600;;;2,36;
200905;0700;;;2,55;
200905;0800;;;3,07;
200905;0900;;;3,43;
200905;1000;;;4,35;
200905;1100;;;3,14;
200905;1200;;;2,23;
200905;1300;;;10,29;
200905;1400;;;12,91;
200905;1500;;;6,66;
200905;1600;;;11,05;
200905;1700;;;11,44;
200905;1800;;;8,95;
200905;1900;;;11,26;
200905;2000;;;10,47;
200905;2100;;;6,92;
200905;2200;;;24,27;
200905;2300;;;32,25;
200906;0000;;;56,97;
200906;0100;;;28,06;
200906;0200;;;26;
200906;0300;;;32,63;
200906;0400;;;24,49;
200906;0500;;;59,94;
200906;0600;;;40,69;
200906;0700;;;31,56;
200906;0800;;;57,02;
200906;0900;;;38,5;
200906;1000;;;21,52;
200906;1100;;;21,64;
200906;1200;;;55,65;
200906;1300;;;27,14;
200906;1400;;;27,95;
200906;1500;;;27,03;
200906;1600;;;48,26;
200906;1700;;;37,14;
200906;1800;;;28,38;
200906;1900;;;16,18;
200906;2000;;;7,79;
200906;2100;;;6,11;
200906;2200;;;7,51;
200906;2300;;;6,98;
200907;0000;;;5,85;
200907;0100;;;11,18;
200907;0200;;;15,16;
200907;0300;;;2,65;
200907;0400;;;2,5;
200907;0500;;;6,16;
200907;0600;;;9,63;
200907;0700;;;10,89;
200907;0800;;;14,6;
200907;0900;;;16,12;
200907;1000;;;6,05;
200907;1100;;;6,66;
200907;1200;;;7,71;
200907;1300;;;7,48;
200907;1400;;;5,83;
200907;1500;;;6,24;
200907;1600;;;8,36;
200907;1700;;;17,19;
200907;1800;;;20,32;
200907;1900;;;15,1;
200907;2000;;;15,65;
200907;2100;;;19,85;
200907;2200;;;22,07;
200907;2300;;;8,38;
200908;0000;;;5,44;
200908;0100;;;4,5;
200908;0200;;;3,12;
200908;0300;;;1;
200908;0400;;;2,43;
200908;0500;;;4;
200908;0600;;;5,6;
200908;0700;;;5,21;
200908;0800;;;12,02;
200908;0900;;;102,21;
200908;1000;;;7,44;
200908;1100;;;6,27;
200908;1200;;;6,43;
200908;1300;;;9,25;
200908;1400;;;10,3;
200908;1500;;;13,72;
200908;1600;;;12,93;
200908;1700;;;11,64;
200908;1800;;;29,05;
200908;1900;;;27,18;
200908;2000;;;11,95;
200908;2100;;;23,75;
200908;2200;;;7,46;
200908;2300;;;8,75;
200909;0000;;;7,69;
200909;0100;;;4,24;
200909;0200;;;2,27;
200909;0300;;;1,39;
200909;0400;;;3,88;
200909;0500;;;6,03;
200909;0600;;;4,31;
200909;0700;;;3,79;
200909;0800;;;3,2;
200909;0900;;;2,66;
200909;1000;;;2,26;
200909;1100;;;10,58;
200909;1200;;;12,89;
200909;1300;;;7,78;
200909;1400;;;7,08;
200909;1500;;;6,8;
200909;1600;;;7,94;
200909;1700;;;12,46;
200909;1800;;;19,42;
200909;1900;;;30,12;
200909;2000;;;26,37;
200909;2100;;;18,07;
200909;2200;;;10,36;
200909;2300;;;5,33;
200910;0000;;;2,74;
200910;0100;;;5,93;
200910;0200;;;3,26;
200910;0300;;;3,07;
200910;0400;;;2,48;
200910;0500;;;4,25;
200910;0600;;;4,39;
200910;0700;;;8,28;
200910;0800;;;9,74001;
200910;0900;;;13,44;
200910;1000;;;9,23;
200910;1100;;;7,12;
200910;1200;;;8,2;
200910;1300;;;21,36;
200910;1400;;;28,01;
200910;1500;;;33,49;
200910;1600;;;57,9;
200910;1700;;;35,12;
200910;1800;;;6,59;
200910;1900;;;11,24;
200910;2000;;;15,06;
200910;2100;;;16,04;
200910;2200;;;8,68001;
200910;2300;;;4,72;
200911;0000;;;5,26;
200911;0100;;;4,3;
200911;0200;;;1,75;
200911;0300;;;2,69;
200911;0400;;;5,04;
200911;0500;;;12,71;
200911;0600;;;43,55;
200911;0700;;;92,99;
200911;0800;;;12,19;
200911;0900;;;13,98;
200911;1000;;;16,66;
200911;1100;;;10,2;
200911;1200;;;12,62;
200911;1300;;;6,98;
200911;1400;;;6,73;
200911;1500;;;10,26;
200911;1600;;;14,87;
200911;1700;;;10,9;
200911;1800;;;14,76;
200911;1900;;;11,59;
200911;2000;;;7,62;
200911;2100;;;12,14;
200911;2200;;;10,12;
200911;2300;;;26,05;
200912;0000;;;17,77;
200912;0100;;;10,63;
200912;0200;;;9,52;
200912;0300;;;9,99001;
200912;0400;;;6,98;
200912;0500;;;21;
200912;0600;;;12,66;
200912;0700;;;2,9;
200912;0800;;;12,91;
200912;0900;;;9,87;
200912;1000;;;8;
200912;1100;;;18,48;
200912;1200;;;26,32;
200912;1300;;;24,57;
200912;1400;;;7,3;
200912;1500;;;8,25;
200912;1600;;;34,98;
200912;1700;;;6,54;
200912;1800;;;7,6;
200912;1900;;;7,76;
200912;2000;;;8,43001;
200912;2100;;;8,83;
200912;2200;;;14,6;
200912;2300;;;13,82;
200913;0000;;;8,49001;
200913;0100;;;7,17;
200913;0200;;;4,7;
200913;0300;;;10,1;
200913;0400;;;12,94;
200913;0500;;;8,11;
200913;0600;;;17,62;
200913;0700;;;24,34;
200913;0800;;;14,58;
200913;0900;;;7,81;
200913;1000;;;12,47;
200913;1100;;;14,37;
200913;1200;;;15,88;
200913;1300;;;8,64999;
200913;1400;;;12,11;
200913;1500;;;17,7;
200913;1600;;;16,03;
200913;1700;;;6,67;
200913;1800;;;5,87;
200913;1900;;;6,19;
200913;2000;;;5,26;
200913;2100;;;9,37;
200913;2200;;;11,17;
200913;2300;;;10,67;
200914;0000;;;13,04;
200914;0100;;;9,21001;
200914;0200;;;21,81;
200914;0300;;;9,32001;
200914;0400;;;26,85;
200914;0500;;;19,95;
200914;0600;;;57,9;
200914;0700;;;22,16;
200914;0800;;;30,48;
200914;0900;;;22,73;
200914;1000;;;20,21;
200914;1100;;;6,49;
200914;1200;;;101,38;
200914;1300;;;8,39999;
200914;1400;;;9,74001;
200914;1500;;;6,01;
200914;1600;;;9,08;
200914;1700;;;20,14;
200914;1800;;;19,76;
200914;1900;;;21;
200914;2000;;;18,21;
200914;2100;;;12,44;
200914;2200;;;8,39999;
200914;2300;;;17,29;
200915;0000;;;20,3;
200915;0100;;;20,98;
200915;0200;;;10,8;
200915;0300;;;7,06;
200915;0400;;;8,93001;
200915;0500;;;16,81;
200915;0600;;;13,68;
200915;0700;;;46,07;
200915;0800;;;46,41;
200915;0900;;;52,7;
200915;1000;;;62,4;
200915;1100;;;50,49;
200915;1200;;;17,95;
200915;1300;;;8,10001;
200915;1400;;;6,12;
200915;1500;;;7,69;
200915;1600;;;10,35;
200915;1700;;;9,74001;
200915;1800;;;7,73;
200915;1900;;;14,52;
200915;2000;;;5,03;
200915;2100;;;4,5;
200915;2200;;;4,32;
200915;2300;;;2,75;
200916;0000;;;1,11;
200916;0100;;;4,41;
200916;0200;;;5,59;
200916;0300;;;5,55;
200916;0400;;;3,91;
200916;0500;;;2,77;
200916;0600;;;5,85;
200916;0700;;;11,38;
200916;0800;;;12,84;
200916;0900;;;25,18;
200916;1000;;;41,4;
200916;1100;;;34,09;
200916;1200;;;60,78;
200916;1300;;;39,55;
200916;1400;;;5,5;
200916;1500;;;4,41;
200916;1600;;;5,58;
200916;1700;;;7,12;
200916;1800;;;8,57001;
200916;1900;;;10,66;
200916;2000;;;11,23;
200916;2100;;;13,51;
200916;2200;;;11,5;
200916;2300;;;21,94;
200917;0000;;;11,96;
200917;0100;;;14,1;
200917;0200;;;13,42;
200917;0300;;;14,87;
200917;0400;;;6,83;
200917;0500;;;9,3;
200917;0600;;;11,81;
200917;0700;;;24,6;
200917;0800;;;18,45;
200917;0900;;;17,22;
200917;1000;;;35,36;
200917;1100;;;44,45;
200917;1200;;;24,3;
200917;1300;;;9,68001;
200917;1400;;;5,93;
200917;1500;;;4,56;
200917;1600;;;5,42;
200917;1700;;;25,57;
200917;1800;;;5,29;
200917;1900;;;5,07;
200917;2000;;;4,96;
200917;2100;;;8,44;
200917;2200;;;5,79;
200917;2300;;;6,99;
200918;0000;;;10,36;
200918;0100;;;9,21001;
200918;0200;;;10,77;
200918;0300;;;9,61;
200918;0400;;;9,86;
200918;0500;;;10,41;
200918;0600;;;4,67;
200918;0700;;;3,43;
200918;0800;;;7,97;
200918;0900;;;7,23;
200918;1000;;;15,07;
200918;1100;;;15,62;
200918;1200;;;9,05;
200918;1300;;;3,18;
200918;1400;;;2,42;
200918;1500;;;2,77;
200918;1600;;;3,52;
200918;1700;;;3,96;
200918;1800;;;6,97;
200918;1900;;;6,03;
200918;2000;;;6,54;
200918;2100;;;5,55;
200918;2200;;;4,91;
200918;2300;;;4,8;
200919;0000;;;3,67;
200919;0100;;;3,83;
200919;0200;;;6,04;
200919;0300;;;6,91;
200919;0400;;;6,47;
200919;0500;;;8,84;
200919;0600;;;18,82;
200919;0700;;;14,85;
200919;0800;;;14,18;
200919;0900;;;13,29;
200919;1000;;;17,04;
200919;1100;;;7,25;
200919;1200;;;7,32;
200919;1300;;;4,54;
200919;1400;;;3,81;
200919;1500;;;6,03;
200919;1600;;;4,71;
200919;1700;;;5,44;
200919;1800;;;4,39;
200919;1900;;;3,51;
200919;2000;;;7,6;
200919;2100;;;5,56;
200919;2200;;;5,75;
200919;2300;;;6,09;
200920;0000;;;10,4;
200920;0100;;;11,71;
200920;0200;;;10,32;
200920;0300;;;7,67;
200920;0400;;;9,33;
200920;0500;;;20,12;
200920;0600;;;23,5;
200920;0700;;;42,43;
200920;0800;;;18,98;
200920;0900;;;15,47;
200920;1000;;;15,38;
200920;1100;;;12,59;
200920;1200;;;24,14;
200920;1300;;;39,91;
200920;1400;;;14,14;
200920;1500;;;7,82;
200920;1600;;;4,6;
200920;1700;;;20,18;
200920;1800;;;13,61;
200920;1900;;;23,06;
200920;2000;;;18,65;
200920;2100;;;17,66;
200920;2200;;;8,86;
200920;2300;;;9,44;
200921;0000;;;6,97;
200921;0100;;;5,54;
200921;0200;;;4,66;
200921;0300;;;8,44;
200921;0400;;;17,92;
200921;0500;;;8,08;
200921;0600;;;20,83;
200921;0700;;;19,86;
200921;0800;;;26,98;
200921;0900;;;47,64;
200921;1000;;;41,65;
200921;1100;;;109,87;
200921;1200;;;28,88;
200921;1300;;;11,49;
200921;1400;;;34,38;
200921;1500;;;19,66;
200921;1600;;;65,33;
200921;1700;;;15,95;
200921;1800;;;31,23;
200921;1900;;;4,48;
200921;2000;;;1,24;
200921;2100;;;2,3;
200921;2200;;;6,91;
200921;2300;;;4,35;
200922;0000;;;3,55;
200922;0100;;;7,68;
200922;0200;;;8,75999;
200922;0300;;;18,53;
200922;0400;;;24,61;
200922;0500;;;17,03;
200922;0600;;;9,96001;
200922;0700;;;6,17;
200922;0800;;;18,13;
200922;0900;;;27,61;
200922;1000;;;32,7;
200922;1100;;;41,77;
200922;1200;;;36,15;
200922;1300;;;39,8;
200922;1400;;;30,53;
200922;1500;;;26,07;
200922;1600;;;37,75;
200922;1700;;;13,52;
200922;1800;;;3,24;
200922;1900;;;1;
200922;2000;;;2,79;
200922;2100;;;12,97;
200922;2200;;;2,32;
200922;2300;;;1;
200923;0000;;;1,64;
200923;0100;;;5,94;
200923;0200;;;7,65;
200923;0300;;;6,22;
200923;0400;;;6,46;
200923;0500;;;35,64;
200923;0600;;;31,63;
200923;0700;;;44,38;
200923;0800;;;7,41;
200923;0900;;;12,8;
200923;1000;;;28,69;
200923;1100;;;11,58;
200923;1200;;;18,42;
200923;1300;;;12,32;
200923;1400;;;9,66;
200923;1500;;;5,99;
200923;1600;;;15,76;
200923;1700;;;13,58;
200923;1800;;;13,74;
200923;1900;;;5,15;
200923;2000;;;3,98;
200923;2100;;;4,97;
200923;2200;;;3,48;
200923;2300;;;1,18;
200924;0000;;;4,72;
200924;0100;;;1,52;
200924;0200;;;1,11;
200924;0300;;;1,01;
200924;0400;;;1,09;
200924;0500;;;2,08;
200924;0600;;;15,5;
200924;0700;;;31,78;
200924;0800;;;40,79;
200924;0900;;;34,3;
200924;1000;;;24,49;
200924;1100;;;15,11;
200924;1200;;;14,11;
200924;1300;;;17,92;
200924;1400;;;7,49;
200924;1500;;;19,11;
200924;1600;;;23,04;
200924;1700;;;7,99;
200924;1800;;;13,02;
200924;1900;;;20,39;
200924;2000;;;32,52;
200924;2100;;;36,01;
200924;2200;;;22,69;
200924;2300;;;8,27;
200925;0000;;;7,92;
200925;0100;;;4,87;
200925;0200;;;4,95;
200925;0300;;;8,75999;
200925;0400;;;14,69;
200925;0500;;;9,18001;
200925;0600;;;8,14999;
200925;0700;;;8,34;
200925;0800;;;6,16;
200925;0900;;;4,1;
200925;1000;;;5,06;
200925;1100;;;4,48;
200925;1200;;;5,97;
200925;1300;;;6,68;
200925;1400;;;6,04;
200925;1500;;;7,79;
200925;1600;;;9,88;
200925;1700;;;11,19;
200925;1800;;;12,01;
200925;1900;;;12,08;
200925;2000;;;12,76;
200925;2100;;;7,16;
200925;2200;;;1;
200925;2300;;;1;
200926;0000;;;1;
200926;0100;;;1;
200926;0200;;;1;
200926;0300;;;1;
200926;0400;;;1;
200926;0500;;;1;
200926;0600;;;1;
200926;0700;;;1;
200926;0800;;;1;
200926;0900;;;10,07;
200926;1000;;;5,83;
200926;1100;;;3,85;
200926;1200;;;1,8;
200926;1300;;;2,06;
200926;1400;;;1;
200926;1500;;;1,5;
200926;1600;;;5,68;
200926;1700;;;6,43;
200926;1800;;;2,15;
200926;1900;;;7,67;
200926;2000;;;1,67;
200926;2100;;;3,66;
200926;2200;;;5,67;
200926;2300;;;4,13;
200927;0000;;;5,13;
200927;0100;;;20,23;
200927;0200;;;9;
200927;0300;;;15,6;
200927;0400;;;9,57001;
200927;0500;;;25,94;
200927;0600;;;29,74;
200927;0700;;;32,38;
200927;0800;;;19,79;
200927;0900;;;23,14;
200927;1000;;;9,21001;
200927;1100;;;52,17;
200927;1200;;;19,16;
200927;1300;;;17,39;
200927;1400;;;1;
200927;1500;;;1,22;
200927;1600;;;19,04;
200927;1700;;;22,46;
200927;1800;;;27,51;
200927;1900;;;7,22;
200927;2000;;;4,19;
200927;2100;;;4,5;
200927;2200;;;3,9;
200927;2300;;;2,4;
200928;0000;;;2,83;
200928;0100;;;2,91;
200928;0200;;;1,9;
200928;0300;;;5,02;
200928;0400;;;4,31;
200928;0500;;;4,58;
200928;0600;;;20,6;
200928;0700;;;70,92;
200928;0800;;;49,93;
200928;0900;;;27,88;
200928;1000;;;53,87;
200928;1100;;;50,29;
200928;1200;;;64,87;
200928;1300;;;2,27;
200928;1400;;;4,29;
200928;1500;;;4,86;
200928;1600;;;6,23;
200928;1700;;;8,23;
200928;1800;;;8,38;
200928;1900;;;6,98;
200928;2000;;;7,58;
200928;2100;;;9,64999;
200928;2200;;;6,14;
200928;2300;;;3,8;
200929;0000;;;1,31;
200929;0100;;;1,56;
200929;0200;;;1;
200929;0300;;;2,23;
200929;0400;;;2,59;
200929;0500;;;8,09;
200929;0600;;;8,00999;
200929;0700;;;6,37;
200929;0800;;;5,72;
200929;0900;;;5,59;
200929;1000;;;7,05;
200929;1100;;;5,54;
200929;1200;;;5,77;
200929;1300;;;4,88;
200929;1400;;;5,56;
200929;1500;;;6,72;
200929;1600;;;8,57001;
200929;1700;;;7,99;
200929;1800;;;8,75999;
200929;1900;;;7,94;
200929;2000;;;3,9;
200929;2100;;;3,4;
200929;2200;;;1,3;
200929;2300;;;1,79;
200930;0000;;;1,31;
200930;0100;;;2,89;
200930;0200;;;5,7;
200930;0300;;;3,17;
200930;0400;;;4,43;
200930;0500;;;4,94;
200930;0600;;;5,98;
200930;0700;;;28,21;
200930;0800;;;26,07;
200930;0900;;;12,05;
200930;1000;;;7,95;
200930;1100;;;30,42;
200930;1200;;;6,53;
200930;1300;;;5,17;
200930;1400;;;4,93;
200930;1500;;;6,69;
200930;1600;;;5,81;
200930;1700;;;20,52;
200930;1800;;;21,04;
200930;1900;;;7,35;
200930;2000;;;9,62;
200930;2100;;;11,87;
200930;2200;;;11,9;
200930;2300;;;3,81;
201001;0000;;;4,26;
201001;0100;;;1,41;
201001;0200;;;2,43;
201001;0300;;;3,68;
201001;0400;;;8,33;
201001;0500;;;21,72;
201001;0600;;;35,08;
201001;0700;;;66,49;
201001;0800;;;17,53;
201001;0900;;;11,59;
201001;1000;;;20,92;
201001;1100;;;58,57;
201001;1200;;;16,74;
201001;1300;;;4,3;
201001;1400;;;4,72;
201001;1500;;;4,75;
201001;1600;;;5,71;
201001;1700;;;5,87;
201001;1800;;;18,08;
201001;1900;;;14,12;
201001;2000;;;7,78;
201001;2100;;;9,74001;
201001;2200;;;7,47;
201001;2300;;;7,51;
201002;0000;;;8,31;
201002;0100;;;5,84;
201002;0200;;;6,38;
201002;0300;;;7,15;
201002;0400;;;10,55;
201002;0500;;;22,14;
201002;0600;;;37,46;
201002;0700;;;62,04;
201002;0800;;;28,92;
201002;0900;;;24,94;
201002;1000;;;24,09;
201002;1100;;;8,22;
201002;1200;;;8,61;
201002;1300;;;35,75;
201002;1400;;;35,75;
201002;1500;;;23,68;
201002;1600;;;28,57;
201002;1700;;;24,15;
201002;1800;;;28,15;
201002;1900;;;13,97;
201002;2000;;;4,95;
201002;2100;;;5,12;
201002;2200;;;6,13;
201002;2300;;;6,85;
201003;0000;;;7,15;
201003;0100;;;8,59;
201003;0200;;;12,71;
201003;0300;;;13,36;
201003;0400;;;12,3;
201003;0500;;;13,11;
201003;0600;;;11,17;
201003;0700;;;11,43;
201003;0800;;;13,55;
201003;0900;;;14,16;
201003;1000;;;16,16;
201003;1100;;;5,17;
201003;1200;;;5,63;
201003;1300;;;4,28;
201003;1400;;;3,96;
201003;1500;;;4,31;
201003;1600;;;5,59;
201003;1700;;;6;
201003;1800;;;6,34;
201003;1900;;;7,81;
201003;2000;;;6,98;
201003;2100;;;4,74;
201003;2200;;;4,89;
201003;2300;;;7,07;
201004;0000;;;4,29;
201004;0100;;;1,67;
201004;0200;;;4,25;
201004;0300;;;3,77;
201004;0400;;;3,01;
201004;0500;;;20,19;
201004;0600;;;29,8;
201004;0700;;;9,63;
201004;0800;;;8,52;
201004;0900;;;12,93;
201004;1000;;;2,52;
201004;1100;;;2,1;
201004;1200;;;4,01;
201004;1300;;;4,88;
201004;1400;;;3,48;
201004;1500;;;3,38;
201004;1600;;;5,33;
201004;1700;;;2,4;
201004;1800;;;8,89;
201004;1900;;;9,38;
201004;2000;;;6,05;
201004;2100;;;9,41;
201004;2200;;;6,02;
201004;2300;;;10,44;
201005;0000;;;13,41;
201005;0100;;;11,5;
201005;0200;;;12,44;
201005;0300;;;9,97;
201005;0400;;;4,78;
201005;0500;;;6;
201005;0600;;;14,29;
201005;0700;;;20,64;
201005;0800;;;48,13;
201005;0900;;;102,01;
201005;1000;;;13,38;
201005;1100;;;25,9;
201005;1200;;;25,46;
201005;1300;;;15,49;
201005;1400;;;7,3;
201005;1500;;;5,36;
201005;1600;;;4,78;
201005;1700;;;17,76;
201005;1800;;;10,85;
201005;1900;;;7,58;
201005;2000;;;5,47;
201005;2100;;;9,43001;
201005;2200;;;7,54;
201005;2300;;;7,86;
201006;0000;;;6,53;
201006;0100;;;5,46;
201006;0200;;;5,92;
201006;0300;;;6,66;
201006;0400;;;7,67;
201006;0500;;;27,93;
201006;0600;;;45,59;
201006;0700;;;31,83;
201006;0800;;;13,91;
201006;0900;;;16,57;
201006;1000;;;19,18;
201006;1100;;;63,21;
201006;1200;;;87,96;
201006;1300;;;3,8;
201006;1400;;;4,2;
201006;1500;;;5,16;
201006;1600;;;5,71;
201006;1700;;;8,42;
201006;1800;;;54,29;
201006;1900;;;23,64;
201006;2000;;;3,18;
201006;2100;;;5,12;
201006;2200;;;4,2;
201006;2300;;;3,76;
201007;0000;;;6,46;
201007;0100;;;7,86;
201007;0200;;;12,32;
201007;0300;;;8,93001;
201007;0400;;;6,31;
201007;0500;;;17,85;
201007;0600;;;13,2;
201007;0700;;;16,3;
201007;0800;;;25,09;
201007;0900;;;12,2;
201007;1000;;;8,03;
201007;1100;;;23,04;
201007;1200;;;4,76;
201007;1300;;;5,53;
201007;1400;;;4,69;
201007;1500;;;5,56;
201007;1600;;;5,72;
201007;1700;;;9;
201007;1800;;;9,46001;
201007;1900;;;19,09;
201007;2000;;;8,53999;
201007;2100;;;5,09;
201007;2200;;;7,62;
201007;2300;;;4,52;
201008;0000;;;5,41;
201008;0100;;;4,31;
201008;0200;;;5,9;
201008;0300;;;7,78;
201008;0400;;;9,37;
201008;0500;;;20,04;
201008;0600;;;48,25;
201008;0700;;;44,63;
201008;0800;;;18,64;
201008;0900;;;14,52;
201008;1000;;;14,22;
201008;1100;;;12,48;
201008;1200;;;5,26;
201008;1300;;;3,65;
201008;1400;;;4,82;
201008;1500;;;4,66;
201008;1600;;;5,27;
201008;1700;;;7,38;
201008;1800;;;6,73;
201008;1900;;;10,86;
201008;2000;;;4,94;
201008;2100;;;6,55;
201008;2200;;;3,39;
201008;2300;;;9,08;
201009;0000;;;5,28;
201009;0100;;;3,68;
201009;0200;;;7,24;
201009;0300;;;8,53;
201009;0400;;;8,08;
201009;0500;;;18,63;
201009;0600;;;26,21;
201009;0700;;;21,64;
201009;0800;;;50,55;
201009;0900;;;23,81;
201009;1000;;;29,16;
201009;1100;;;54,32;
201009;1200;;;27,21;
201009;1300;;;34,61;
201009;1400;;;114,92;
201009;1500;;;57,5;
201009;1600;;;55,83;
201009;1700;;;26,79;
201009;1800;;;9,57001;
201009;1900;;;8,72;
201009;2000;;;5,9;
201009;2100;;;5,73;
201009;2200;;;3,6;
201009;2300;;;2,79;
201010;0000;;;2,81;
201010;0100;;;2,8;
201010;0200;;;3,06;
201010;0300;;;1,78;
201010;0400;;;3,7;
201010;0500;;;2,71;
201010;0600;;;10,84;
201010;0700;;;4,43;
201010;0800;;;6,21;
201010;0900;;;5,87;
201010;1000;;;6,33;
201010;1100;;;44,08;
201010;1200;;;9,64;
201010;1300;;;7,03;
201010;1400;;;9;
201010;1500;;;11,44;
201010;1600;;;20,1;
201010;1700;;;11,88;
201010;1800;;;7,17;
201010;1900;;;6,78;
201010;2000;;;3,56;
201010;2100;;;6,14;
201010;2200;;;4,83;
201010;2300;;;4,38;
201011;0000;;;2,7;
201011;0100;;;1,09;
201011;0200;;;2,05;
201011;0300;;;3,29;
201011;0400;;;4,3;
201011;0500;;;9,55;
201011;0600;;;12,4;
201011;0700;;;41,57;
201011;0800;;;18,06;
201011;0900;;;8,69;
201011;1000;;;6,87;
201011;1100;;;39,11;
201011;1200;;;19,92;
201011;1300;;;12,49;
201011;1400;;;22,21;
201011;1500;;;5,13;
201011;1600;;;6,59;
201011;1700;;;5,4;
201011;1800;;;5,26;
201011;1900;;;6,38;
201011;2000;;;21,81;
201011;2100;;;16,57;
201011;2200;;;8,36;
201011;2300;;;10,71;
201012;0000;;;9,42;
201012;0100;;;8,64;
201012;0200;;;8,00999;
201012;0300;;;7,05;
201012;0400;;;6,13;
201012;0500;;;6,68;
201012;0600;;;10,7;
201012;0700;;;7,88;
201012;0800;;;25,9;
201012;0900;;;51,12;
201012;1000;;;51,52;
201012;1100;;;12,1;
201012;1200;;;20,59;
201012;1300;;;73,63;
201012;1400;;;80,98;
201012;1500;;;40,31;
201012;1600;;;19,67;
201012;1700;;;19,9;
201012;1800;;;7,56;
201012;1900;;;7,69;
201012;2000;;;10,16;
201012;2100;;;9,28;
201012;2200;;;10,81;
201012;2300;;;5,22;
201013;0000;;;4,76;
201013;0100;;;8,94;
201013;0200;;;9,38;
201013;0300;;;3,67;
201013;0400;;;18,51;
201013;0500;;;16,83;
201013;0600;;;10,91;
201013;0700;;;17,83;
201013;0800;;;19,37;
201013;0900;;;10,77;
201013;1000;;;85,28;
201013;1100;;;4,75;
201013;1200;;;4,99;
201013;1300;;;6,5;
201013;1400;;;9,53;
201013;1500;;;2,77;
201013;1600;;;4,57;
201013;1700;;;4,43;
201013;1800;;;7;
201013;1900;;;10,09;
201013;2000;;;8,3;
201013;2100;;;3,8;
201013;2200;;;4,81;
201013;2300;;;5,23;
201014;0000;;;5,28;
201014;0100;;;5,07;
201014;0200;;;6,93;
201014;0300;;;7,58;
201014;0400;;;10,46;
201014;0500;;;32,22;
201014;0600;;;18,35;
201014;0700;;;15,16;
201014;0800;;;13,66;
201014;0900;;;22,69;
201014;1000;;;61,46;
201014;1100;;;34,73;
201014;1200;;;24,88;
201014;1300;;;5,52;
201014;1400;;;5,61;
201014;1500;;;6;
201014;1600;;;6,86;
201014;1700;;;10,14;
201014;1800;;;11,62;
201014;1900;;;12,77;
201014;2000;;;11,32;
201014;2100;;;14,8;
201014;2200;;;13,55;
201014;2300;;;6,04;
201015;0000;;;9,85001;
201015;0100;;;10,04;
201015;0200;;;9,25;
201015;0300;;;10,84;
201015;0400;;;62,47;
201015;0500;;;37,33;
201015;0600;;;22,71;
201015;0700;;;26,63;
201015;0800;;;65,45;
201015;0900;;;47,19;
201015;1000;;;22,37;
201015;1100;;;81,9301;
201015;1200;;;26,75;
201015;1300;;;10,33;
201015;1400;;;7,82;
201015;1500;;;18,1;
201015;1600;;;37,53;
201015;1700;;;22,82;
201015;1800;;;12,64;
201015;1900;;;22,4;
201015;2000;;;25;
201015;2100;;;12,59;
201015;2200;;;9,73;
201015;2300;;;14,2;
201016;0000;;;14,26;
201016;0100;;;13,7;
201016;0200;;;11,37;
201016;0300;;;10,83;
201016;0400;;;12,31;
201016;0500;;;26,05;
201016;0600;;;20,38;
201016;0700;;;9,86;
201016;0800;;;5,95;
201016;0900;;;7,34;
201016;1000;;;6,52;
201016;1100;;;8,03;
201016;1200;;;8,32001;
201016;1300;;;8,58;
201016;1400;;;8,49001;
201016;1500;;;8,19;
201016;1600;;;8,97;
201016;1700;;;10,47;
201016;1800;;;12,6;
201016;1900;;;11,59;
201016;2000;;;9,62;
201016;2100;;;8,39;
201016;2200;;;4,38;
201016;2300;;;3,3;
201017;0000;;;2,48;
201017;0100;;;1,6;
201017;0200;;;1;
201017;0300;;;1,78;
201017;0400;;;1;
201017;0500;;;2,26;
201017;0600;;;5,69;
201017;0700;;;6,36;
201017;0800;;;4,89;
201017;0900;;;4,59;
201017;1000;;;5,34;
201017;1100;;;6,08;
201017;1200;;;10,11;
201017;1300;;;7,9;
201017;1400;;;4,43;
201017;1500;;;4,38;
201017;1600;;;4,71;
201017;1700;;;8,38;
201017;1800;;;8,13;
201017;1900;;;9,16;
201017;2000;;;15,21;
201017;2100;;;13,6;
201017;2200;;;22,83;
201017;2300;;;14,51;
201018;0000;;;11,98;
201018;0100;;;8,3;
201018;0200;;;4,46;
201018;0300;;;3,39;
201018;0400;;;3,15;
201018;0500;;;4,47;
201018;0600;;;14,24;
201018;0700;;;7,62;
201018;0800;;;13,84;
201018;0900;;;24,97;
201018;1000;;;8,14999;
201018;1100;;;3,96;
201018;1200;;;4,48;
201018;1300;;;3,62;
201018;1400;;;3,3;
201018;1500;;;3,79;
201018;1600;;;3,78;
201018;1700;;;3,88;
201018;1800;;;5,05;
201018;1900;;;5,52;
201018;2000;;;5,49;
201018;2100;;;6,15;
201018;2200;;;6,15;
201018;2300;;;11,06;
201019;0000;;;5,4;
201019;0100;;;5,2;
201019;0200;;;4,1;
201019;0300;;;5,16;
201019;0400;;;6,3;
201019;0500;;;21,7;
201019;0600;;;10,13;
201019;0700;;;5,93;
201019;0800;;;4,03;
201019;0900;;;13,13;
201019;1000;;;3,99;
201019;1100;;;7,84;
201019;1200;;;3,48;
201019;1300;;;4,21;
201019;1400;;;4,98;
201019;1500;;;5,28;
201019;1600;;;7,03;
201019;1700;;;6,46;
201019;1800;;;17,48;
201019;1900;;;13,04;
201019;2000;;;5,98;
201019;2100;;;8,55;
201019;2200;;;3,01;
201019;2300;;;8,93001;
201020;0000;;;7,2;
201020;0100;;;7,93;
201020;0200;;;7,49;
201020;0300;;;14,16;
201020;0400;;;11,29;
201020;0500;;;13,94;
201020;0600;;;17,19;
201020;0700;;;18,92;
201020;0800;;;31,52;
201020;0900;;;50,91;
201020;1000;;;50,91;
201020;1100;;;9;
201020;1200;;;27,3;
201020;1300;;;8,82001;
201020;1400;;;4,96;
201020;1500;;;5,34;
201020;1600;;;20,77;
201020;1700;;;25,63;
201020;1800;;;7,18;
201020;1900;;;6,47;
201020;2000;;;5,26;
201020;2100;;;7,32;
201020;2200;;;5,6;
201020;2300;;;7,44;
201021;0000;;;5,56;
201021;0100;;;5,64;
201021;0200;;;4,83;
201021;0300;;;5,18;
201021;0400;;;5,34;
201021;0500;;;4,56;
201021;0600;;;20,59;
201021;0700;;;18,29;
201021;0800;;;15,07;
201021;0900;;;8,12;
201021;1000;;;5,56;
201021;1100;;;30,66;
201021;1200;;;33,25;
201021;1300;;;11,21;
201021;1400;;;69,3199;
201021;1500;;;12,9;
201021;1600;;;28,08;
201021;1700;;;42,52;
201021;1800;;;4,67;
201021;1900;;;5,21;
201021;2000;;;6,35;
201021;2100;;;7,51;
201021;2200;;;8,47;
201021;2300;;;6,99;
201022;0000;;;7,69;
201022;0100;;;7,99;
201022;0200;;;8,78999;
201022;0300;;;7,16;
201022;0400;;;5,22;
201022;0500;;;8,89999;
201022;0600;;;7,37;
201022;0700;;;11,95;
201022;0800;;;25,38;
201022;0900;;;45,05;
201022;1000;;;66,83;
201022;1100;;;38,33;
201022;1200;;;39,11;
201022;1300;;;37,73;
201022;1400;;;30,8;
201022;1500;;;9,07001;
201022;1600;;;38,09;
201022;1700;;;46,39;
201022;1800;;;11,32;
201022;1900;;;29,79;
201022;2000;;;9,60001;
201022;2100;;;11,67;
201022;2200;;;3,98;
201022;2300;;;1,79;
201023;0000;;;5,23;
201023;0100;;;7,02;
201023;0200;;;10,15;
201023;0300;;;8,61;
201023;0400;;;4,79;
201023;0500;;;9,27;
201023;0600;;;8,61;
201023;0700;;;14,71;
201023;0800;;;34,75;
201023;0900;;;54,34;
201023;1000;;;22,02;
201023;1100;;;16,4;
201023;1200;;;4,27;
201023;1300;;;4,33;
201023;1400;;;3,68;
201023;1500;;;4,27;
201023;1600;;;5;
201023;1700;;;5,17;
201023;1800;;;6,25;
201023;1900;;;11,05;
201023;2000;;;11,31;
201023;2100;;;11,1;
201023;2200;;;7,77;
201023;2300;;;7,03;
201024;0000;;;6;
201024;0100;;;6,17;
201024;0200;;;7,52;
201024;0300;;;4,78;
201024;0400;;;8,49001;
201024;0500;;;9,68001;
201024;0600;;;18,29;
201024;0700;;;15,53;
201024;0800;;;14,7;
201024;0900;;;19,12;
201024;1000;;;8,77;
201024;1100;;;14,23;
201024;1200;;;9,39999;
201024;1300;;;6,06;
201024;1400;;;12,82;
201024;1500;;;8,86;
201024;1600;;;5,72;
201024;1700;;;6,3;
201024;1800;;;6,09;
201024;1900;;;9,73;
201024;2000;;;12,97;
201024;2100;;;13,72;
201024;2200;;;10,59;
201024;2300;;;13,77;
201025;0000;;;18,65;
201025;0100;;;23,45;
201025;0200;;;15,93;
201025;0300;;;10,27;
201025;0400;;;8,44;
201025;0500;;;19,18;
201025;0600;;;4,66;
201025;0700;;;8,77;
201025;0800;;;7,3;
201025;0900;;;7,61;
201025;1000;;;3,58;
201025;1100;;;17,59;
201025;1200;;;12,4;
201025;1300;;;5,93;
201025;1400;;;6,38;
201025;1500;;;6,29;
201025;1600;;;5,57;
201025;1700;;;5,4;
201025;1800;;;17,41;
201025;1900;;;21,48;
201025;2000;;;11,34;
201025;2100;;;11,13;
201025;2200;;;6,12;
201025;2300;;;10,83;
201026;0000;;;9,87;
201026;0100;;;5,96;
201026;0200;;;4,75;
201026;0300;;;5,95;
201026;0400;;;7,02;
201026;0500;;;15,39;
201026;0600;;;20,47;
201026;0700;;;19,1;
201026;0800;;;18,2;
201026;0900;;;17,48;
201026;1000;;;13,56;
201026;1100;;;8,35001;
201026;1200;;;61,05;
201026;1300;;;4,55;
201026;1400;;;5,63;
201026;1500;;;6,22;
201026;1600;;;6,64;
201026;1700;;;10,96;
201026;1800;;;14,15;
201026;1900;;;10,03;
201026;2000;;;10,59;
201026;2100;;;13,21;
201026;2200;;;9,66;
201026;2300;;;5,89;
201027;0000;;;5,9;
201027;0100;;;5,98;
201027;0200;;;4,41;
201027;0300;;;1;
201027;0400;;;8,61;
201027;0500;;;8,91;
201027;0600;;;5,11;
201027;0700;;;12,97;
201027;0800;;;8,73;
201027;0900;;;16,18;
201027;1000;;;17,16;
201027;1100;;;7,08;
201027;1200;;;4,23;
201027;1300;;;4,4;
201027;1400;;;3,97;
201027;1500;;;4,08;
201027;1600;;;6,56;
201027;1700;;;8,24001;
201027;1800;;;8,64;
201027;1900;;;8,61;
201027;2000;;;8,06;
201027;2100;;;11,01;
201027;2200;;;6,72;
201027;2300;;;5,37;
201028;0000;;;2,06;
201028;0100;;;1,24;
201028;0200;;;1,59;
201028;0300;;;1;
201028;0400;;;1,65;
201028;0500;;;14,8;
201028;0600;;;14,76;
201028;0700;;;6,89;
201028;0800;;;12,11;
201028;0900;;;14,2;
201028;1000;;;17,66;
201028;1100;;;20;
201028;1200;;;50,4;
201028;1300;;;58,95;
201028;1400;;;64,61;
201028;1500;;;16,43;
201028;1600;;;5,73;
201028;1700;;;4,59;
201028;1800;;;5,06;
201028;1900;;;5,59;
201028;2000;;;6,7;
201028;2100;;;5,22;
201028;2200;;;3,77;
201028;2300;;;11,18;
201029;0000;;;7,47;
201029;0100;;;6,29;
201029;0200;;;5,31;
201029;0300;;;4,6;
201029;0400;;;4,8;
201029;0500;;;14,86;
201029;0600;;;16,27;
201029;0700;;;17,52;
201029;0800;;;51,22;
201029;0900;;;49,15;
201029;1000;;;14,48;
201029;1100;;;6,48;
201029;1200;;;3,64;
201029;1300;;;2,56;
201029;1400;;;25,82;
201029;1500;;;30,8;
201029;1600;;;25;
201029;1700;;;13,25;
201029;1800;;;18,41;
201029;1900;;;19,69;
201029;2000;;;9,50999;
201029;2100;;;9,03999;
201029;2200;;;9,7;
201029;2300;;;12,66;
201030;0000;;;8,78999;
201030;0100;;;10,3;
201030;0200;;;9,72;
201030;0300;;;10,24;
201030;0400;;;10,47;
201030;0500;;;23,12;
201030;0600;;;62,58;
201030;0700;;;48,95;
201030;0800;;;55,27;
201030;0900;;;53,09;
201030;1000;;;30,46;
201030;1100;;;22,11;
201030;1200;;;37,52;
201030;1300;;;54,3;
201030;1400;;;26,58;
201030;1500;;;22,08;
201030;1600;;;24,48;
201030;1700;;;32,37;
201030;1800;;;14,49;
201030;1900;;;9,39999;
201030;2000;;;22,31;
201030;2100;;;28,23;
201030;2200;;;22,4;
201030;2300;;;12,15;
201031;0000;;;11,94;
201031;0100;;;11,65;
201031;0200;;;10,27;
201031;0300;;;9,45;
201031;0400;;;8,94;
201031;0500;;;13,31;
201031;0600;;;26,49;
201031;0700;;;85,91;
201031;0800;;;25,56;
201031;0900;;;13,58;
201031;1000;;;7,46;
201031;1100;;;6,84;
201031;1200;;;7,22;
201031;1300;;;7,09;
201031;1400;;;7,27;
201031;1500;;;22,09;
201031;1600;;;83,53;
201031;1700;;;25,89;
201031;1800;;;16,78;
201031;1900;;;14,26;
201031;2000;;;10,72;
201031;2100;;;13,08;
201031;2200;;;13,43;
201031;2300;;;7,05;
201101;0000;;;4,32;
201101;0100;;;1,69;
201101;0200;;;2,26;
201101;0300;;;3,6;
201101;0400;;;2,9;
201101;0500;;;2,46;
201101;0600;;;4,55;
201101;0700;;;16,99;
201101;0800;;;8;
201101;0900;;;24,71;
201101;1000;;;22,7;
201101;1100;;;22,44;
201101;1200;;;22,44;
201101;1300;;;22,44;
201101;1400;;;22,44;
201101;1500;;;22,44;
201101;1600;;;13,89;
201101;1700;;;9,52;
201101;1800;;;6,5;
201101;1900;;;12,66;
201101;2000;;;6,82;
201101;2100;;;7,04;
201101;2200;;;4,6;
201101;2300;;;3,24;
201102;0000;;;16,04;
201102;0100;;;16,18;
201102;0200;;;11,51;
201102;0300;;;4,71;
201102;0400;;;14,1;
201102;0500;;;11,21;
201102;0600;;;12,43;
201102;0700;;;10,35;
201102;0800;;;10,66;
201102;0900;;;6,79;
201102;1000;;;9,17;
201102;1100;;;28,23;
201102;1200;;;125,92;
201102;1300;;;44,31;
201102;1400;;;26,73;
201102;1500;;;26,84;
201102;1600;;;35,89;
201102;1700;;;7,44;
201102;1800;;;11,35;
201102;1900;;;19,43;
201102;2000;;;21,72;
201102;2100;;;23,79;
201102;2200;;;18,83;
201102;2300;;;15,47;
201103;0000;;;7,56;
201103;0100;;;10,18;
201103;0200;;;11,6;
201103;0300;;;12,8;
201103;0400;;;7,05;
201103;0500;;;10,92;
201103;0600;;;17,1;
201103;0700;;;26,82;
201103;0800;;;45,03;
201103;0900;;;41,16;
201103;1000;;;29,14;
201103;1100;;;13,4;
201103;1200;;;10,5;
201103;1300;;;6,33;
201103;1400;;;5,15;
201103;1500;;;7,22;
201103;1600;;;6,75;
201103;1700;;;8,71001;
201103;1800;;;8,74001;
201103;1900;;;13,48;
201103;2000;;;18,22;
201103;2100;;;6,41;
201103;2200;;;8,46001;
201103;2300;;;14,53;
201104;0000;;;7,36;
201104;0100;;;11,82;
201104;0200;;;6,53;
201104;0300;;;8,46001;
201104;0400;;;6,07;
201104;0500;;;12,18;
201104;0600;;;12,96;
201104;0700;;;21,77;
201104;0800;;;14,64;
201104;0900;;;17,13;
201104;1000;;;12,01;
201104;1100;;;5,3;
201104;1200;;;4,5;
201104;1300;;;5,32;
201104;1400;;;43,57;
201104;1500;;;9,24001;
201104;1600;;;5,99;
201104;1700;;;11,08;
201104;1800;;;15,24;
201104;1900;;;30,66;
201104;2000;;;18,46;
201104;2100;;;18,93;
201104;2200;;;6,38;
201104;2300;;;5,53;
201105;0000;;;8,42;
201105;0100;;;7,47;
201105;0200;;;6,07;
201105;0300;;;4,46;
201105;0400;;;2,87;
201105;0500;;;4,99;
201105;0600;;;11,79;
201105;0700;;;15,79;
201105;0800;;;42,77;
201105;0900;;;36,06;
201105;1000;;;20,51;
201105;1100;;;4,9;
201105;1200;;;5,65;
201105;1300;;;13;
201105;1400;;;10,93;
201105;1500;;;32,52;
201105;1600;;;7,79;
201105;1700;;;7,56;
201105;1800;;;8,95;
201105;1900;;;8,95;
201105;2000;;;8,77;
201105;2100;;;7,08;
201105;2200;;;7,35;
201105;2300;;;12,4;
201106;0000;;;6,57;
201106;0100;;;8,95;
201106;0200;;;6,25;
201106;0300;;;6,41;
201106;0400;;;7,99;
201106;0500;;;10,33;
201106;0600;;;35,79;
201106;0700;;;35,97;
201106;0800;;;30,63;
201106;0900;;;14,95;
201106;1000;;;18,89;
201106;1100;;;8,85001;
201106;1200;;;5,55;
201106;1300;;;35,7;
201106;1400;;;89,7;
201106;1500;;;77,47;
201106;1600;;;44,42;
201106;1700;;;5,93;
201106;1800;;;7,38;
201106;1900;;;9,12;
201106;2000;;;18,44;
201106;2100;;;11,73;
201106;2200;;;8,06;
201106;2300;;;6,54;
201107;0000;;;9,57001;
201107;0100;;;8,8;
201107;0200;;;6,74;
201107;0300;;;14,46;
201107;0400;;;7,91;
201107;0500;;;10,99;
201107;0600;;;14,27;
201107;0700;;;30,88;
201107;0800;;;26,39;
201107;0900;;;56,12;
201107;1000;;;13,42;
201107;1100;;;4,43;
201107;1200;;;17,06;
201107;1300;;;43,03;
201107;1400;;;68,79;
201107;1500;;;45,83;
201107;1600;;;11,15;
201107;1700;;;3,9;
201107;1800;;;6,21;
201107;1900;;;7,61;
201107;2000;;;11,87;
201107;2100;;;13,59;
201107;2200;;;12,28;
201107;2300;;;8,64999;
201108;0000;;;4,34;
201108;0100;;;4,6;
201108;0200;;;4,5;
201108;0300;;;4,17;
201108;0400;;;4,37;
201108;0500;;;5,49;
201108;0600;;;7,82;
201108;0700;;;11,58;
201108;0800;;;16,89;
201108;0900;;;9,95;
201108;1000;;;11,81;
201108;1100;;;26,35;
201108;1200;;;8,60001;
201108;1300;;;22,93;
201108;1400;;;14,48;
201108;1500;;;32,82;
201108;1600;;;45,84;
201108;1700;;;10,64;
201108;1800;;;15,52;
201108;1900;;;5,36;
201108;2000;;;5,78;
201108;2100;;;10,93;
201108;2200;;;5,47;
201108;2300;;;5,02;
201109;0000;;;4,96;
201109;0100;;;4,19;
201109;0200;;;6,86;
201109;0300;;;6,14;
201109;0400;;;4,58;
201109;0500;;;5,6;
201109;0600;;;19,57;
201109;0700;;;17,16;
201109;0800;;;12,46;
201109;0900;;;10,44;
201109;1000;;;8,56;
201109;1100;;;6,98;
201109;1200;;;12,84;
201109;1300;;;18,71;
201109;1400;;;58,11;
201109;1500;;;61,66;
201109;1600;;;17,21;
201109;1700;;;9,31;
201109;1800;;;7,15;
201109;1900;;;8,33;
201109;2000;;;6,84;
201109;2100;;;9,64999;
201109;2200;;;13,18;
201109;2300;;;10,26;
201110;0000;;;8,09;
201110;0100;;;8,69;
201110;0200;;;9,24001;
201110;0300;;;7,65;
201110;0400;;;6,86;
201110;0500;;;7,25;
201110;0600;;;9,89999;
201110;0700;;;21,86;
201110;0800;;;17,95;
201110;0900;;;18,68;
201110;1000;;;49,85;
201110;1100;;;54,14;
201110;1200;;;90,8101;
201110;1300;;;16,24;
201110;1400;;;9,19;
201110;1500;;;4,26;
201110;1600;;;6,19;
201110;1700;;;7,99;
201110;1800;;;21,5;
201110;1900;;;16,16;
201110;2000;;;11,95;
201110;2100;;;11,72;
201110;2200;;;13,91;
201110;2300;;;11,48;
201111;0000;;;10,05;
201111;0100;;;13,6;
201111;0200;;;11,58;
201111;0300;;;8,02;
201111;0400;;;4,34;
201111;0500;;;5,15;
201111;0600;;;5,74;
201111;0700;;;4,94;
201111;0800;;;4,76;
201111;0900;;;6,58;
201111;1000;;;8,39999;
201111;1100;;;5,72;
201111;1200;;;5,78;
201111;1300;;;8,52;
201111;1400;;;7,46;
201111;1500;;;11,35;
201111;1600;;;13,97;
201111;1700;;;7,63;
201111;1800;;;12,09;
201111;1900;;;23;
201111;2000;;;32,31;
201111;2100;;;20,36;
201111;2200;;;11,98;
201111;2300;;;8,44;
201112;0000;;;5,37;
201112;0100;;;7,39;
201112;0200;;;15,09;
201112;0300;;;13,17;
201112;0400;;;12,77;
201112;0500;;;21,14;
201112;0600;;;21,1;
201112;0700;;;16,24;
201112;0800;;;3,56;
201112;0900;;;18,57;
201112;1000;;;25,02;
201112;1100;;;13,79;
201112;1200;;;7,18;
201112;1300;;;56,02;
201112;1400;;;47,09;
201112;1500;;;29,62;
201112;1600;;;19,81;
201112;1700;;;12,66;
201112;1800;;;18,81;
201112;1900;;;7,29;
201112;2000;;;12,25;
201112;2100;;;13,47;
201112;2200;;;12,29;
201112;2300;;;12,69;
201113;0000;;;11,04;
201113;0100;;;16,58;
201113;0200;;;12,92;
201113;0300;;;11,95;
201113;0400;;;9,27;
201113;0500;;;10,72;
201113;0600;;;14,72;
201113;0700;;;16,74;
201113;0800;;;12,07;
201113;0900;;;17,16;
201113;1000;;;6,38;
201113;1100;;;4,24;
201113;1200;;;4,63;
201113;1300;;;6,66;
201113;1400;;;4,91;
201113;1500;;;6,56;
201113;1600;;;6,93;
201113;1700;;;7,58;
201113;1800;;;9,61;
201113;1900;;;9,69;
201113;2000;;;12,11;
201113;2100;;;10,73;
201113;2200;;;11,3;
201113;2300;;;20,02;
201114;0000;;;11,94;
201114;0100;;;6,75;
201114;0200;;;5,26;
201114;0300;;;5,49;
201114;0400;;;6;
201114;0500;;;10,54;
201114;0600;;;11,62;
201114;0700;;;14,43;
201114;0800;;;33,2;
201114;0900;;;45,96;
201114;1000;;;34,13;
201114;1100;;;25,3;
201114;1200;;;14,12;
201114;1300;;;15,32;
201114;1400;;;16,43;
201114;1500;;;26,36;
201114;1600;;;33,3;
201114;1700;;;25,14;
201114;1800;;;11,04;
201114;1900;;;11,64;
201114;2000;;;7,68;
201114;2100;;;6,23;
201114;2200;;;2,17;
201114;2300;;;1,93;
201115;0000;;;4,64;
201115;0100;;;6,75;
201115;0200;;;7,03;
201115;0300;;;4,85;
201115;0400;;;5,25;
201115;0500;;;5,4;
201115;0600;;;6,01;
201115;0700;;;8,31;
201115;0800;;;21,5;
201115;0900;;;52,01;
201115;1000;;;34,48;
201115;1100;;;13,02;
201115;1200;;;5,3;
201115;1300;;;5,11;
201115;1400;;;5,85;
201115;1500;;;22,73;
201115;1600;;;26,56;
201115;1700;;;12,63;
201115;1800;;;5,99;
201115;1900;;;9,03;
201115;2000;;;6,87;
201115;2100;;;6,26;
201115;2200;;;4,81;
201115;2300;;;5,1;
201116;0000;;;4,95;
201116;0100;;;4,33;
201116;0200;;;6;
201116;0300;;;8,53;
201116;0400;;;9,14999;
201116;0500;;;7,7;
201116;0600;;;11,7;
201116;0700;;;30,87;
201116;0800;;;46,34;
201116;0900;;;25,47;
201116;1000;;;27,5;
201116;1100;;;16,79;
201116;1200;;;14,84;
201116;1300;;;19,93;
201116;1400;;;42,35;
201116;1500;;;42,06;
201116;1600;;;28,12;
201116;1700;;;5,44;
201116;1800;;;5,31;
201116;1900;;;6,59;
201116;2000;;;10,21;
201116;2100;;;9,31;
201116;2200;;;10,35;
201116;2300;;;22,33;
201117;0000;;;14,62;
201117;0100;;;11,79;
201117;0200;;;19,06;
201117;0300;;;10,26;
201117;0400;;;11,61;
201117;0500;;;11,62;
201117;0600;;;14,01;
201117;0700;;;35,49;
201117;0800;;;60,51;
201117;0900;;;12,82;
201117;1000;;;37,42;
201117;1100;;;7,01;
201117;1200;;;7,88;
201117;1300;;;7,77;
201117;1400;;;7,39;
201117;1500;;;7,37;
201117;1600;;;7,96;
201117;1700;;;6,52;
201117;1800;;;5,64;
201117;1900;;;9,00999;
201117;2000;;;7,42;
201117;2100;;;4,52;
201117;2200;;;3,79;
201117;2300;;;1,89;
201118;0000;;;1,78;
201118;0100;;;1,33;
201118;0200;;;2,25;
201118;0300;;;5;
201118;0400;;;4,29;
201118;0500;;;9,71001;
201118;0600;;;9,94;
201118;0700;;;15,18;
201118;0800;;;6,86;
201118;0900;;;14,43;
201118;1000;;;18,7;
201118;1100;;;74,83;
201118;1200;;;4,43;
201118;1300;;;5,25;
201118;1400;;;5,8;
201118;1500;;;4,89;
201118;1600;;;4,84;
201118;1700;;;4,9;
201118;1800;;;6,13;
201118;1900;;;7,02;
201118;2000;;;12,36;
201118;2100;;;8,13;
201118;2200;;;5,28;
201118;2300;;;7,67;
201119;0000;;;6,93;
201119;0100;;;11,6;
201119;0200;;;16,97;
201119;0300;;;12,45;
201119;0400;;;8,02;
201119;0500;;;13,88;
201119;0600;;;12,11;
201119;0700;;;9,28;
201119;0800;;;13,47;
201119;0900;;;13,56;
201119;1000;;;5,74;
201119;1100;;;12,87;
201119;1200;;;6,13;
201119;1300;;;5,14;
201119;1400;;;5,29;
201119;1500;;;5,62;
201119;1600;;;8,28999;
201119;1700;;;8,13;
201119;1800;;;7,64;
201119;1900;;;7,99;
201119;2000;;;7,95;
201119;2100;;;11;
201119;2200;;;8,8;
201119;2300;;;4,83;
201120;0000;;;4,94;
201120;0100;;;4,18;
201120;0200;;;5,14;
201120;0300;;;5,6;
201120;0400;;;4,11;
201120;0500;;;4,41;
201120;0600;;;11,35;
201120;0700;;;13,44;
201120;0800;;;12,59;
201120;0900;;;8,28999;
201120;1000;;;6,71;
201120;1100;;;12,77;
201120;1200;;;8,75999;
201120;1300;;;6,24;
201120;1400;;;7,05;
201120;1500;;;5;
201120;1600;;;6,62;
201120;1700;;;7,18;
201120;1800;;;7,22;
201120;1900;;;9,39999;
201120;2000;;;12,36;
201120;2100;;;12,24;
201120;2200;;;9,87;
201120;2300;;;9,87;
201121;0000;;;9,87;
201121;0100;;;15,08;
201121;0200;;;2,53;
201121;0300;;;2,55;
201121;0400;;;6,37;
201121;0500;;;6,54;
201121;0600;;;10,58;
201121;0700;;;6,99;
201121;0800;;;5,99;
201121;0900;;;7,22;
201121;1000;;;7,01;
201121;1100;;;5,34;
201121;1200;;;5,8;
201121;1300;;;4,72;
201121;1400;;;5,51;
201121;1500;;;3,83;
201121;1600;;;4,26;
201121;1700;;;5,14;
201121;1800;;;7,53;
201121;1900;;;10,91;
201121;2000;;;6,95;
201121;2100;;;10,47;
201121;2200;;;3,56;
201121;2300;;;3,56;
201122;0000;;;5,35;
201122;0100;;;2,9;
201122;0200;;;3,2;
201122;0300;;;2,79;
201122;0400;;;3,17;
201122;0500;;;8,71001;
201122;0600;;;10,86;
201122;0700;;;17,33;
201122;0800;;;12,48;
201122;0900;;;6,99;
201122;1000;;;19,67;
201122;1100;;;9,97;
201122;1200;;;4,55;
201122;1300;;;4,01;
201122;1400;;;4,33;
201122;1500;;;4,04;
201122;1600;;;4,55;
201122;1700;;;5,41;
201122;1800;;;4,77;
201122;1900;;;11,03;
201122;2000;;;18,31;
201122;2100;;;10,28;
201122;2200;;;5,75;
201122;2300;;;5,17;
201123;0000;;;4,5;
201123;0100;;;5,09;
201123;0200;;;5,82;
201123;0300;;;4,97;
201123;0400;;;4,91;
201123;0500;;;4,46;
201123;0600;;;4,5;
201123;0700;;;11,8;
201123;0800;;;22,37;
201123;0900;;;32,42;
201123;1000;;;9,28;
201123;1100;;;4,33;
201123;1200;;;4,81;
201123;1300;;;4,8;
201123;1400;;;4,6;
201123;1500;;;5,08;
201123;1600;;;5,13;
201123;1700;;;6,51;
201123;1800;;;7,04;
201123;1900;;;8,08;
201123;2000;;;16,01;
201123;2100;;;13,23;
201123;2200;;;15,17;
201123;2300;;;9,85001;
201124;0000;;;10,07;
201124;0100;;;11,68;
201124;0200;;;7,97;
201124;0300;;;5,03;
201124;0400;;;6,74;
201124;0500;;;13,97;
201124;0600;;;29,66;
201124;0700;;;23,1;
201124;0800;;;14,33;
201124;0900;;;135,14;
201124;1000;;;8,67;
201124;1100;;;3,27;
201124;1200;;;3,94;
201124;1300;;;5,01;
201124;1400;;;3,88;
201124;1500;;;4,06;
201124;1600;;;4,1;
201124;1700;;;5,23;
201124;1800;;;5,28;
201124;1900;;;5,99;
201124;2000;;;7,09;
201124;2100;;;8,95;
201124;2200;;;8,52;
201124;2300;;;8,68001;
201125;0000;;;6,49;
201125;0100;;;7,39;
201125;0200;;;4,94;
201125;0300;;;4,44;
201125;0400;;;6,5;
201125;0500;;;7,97;
201125;0600;;;9,06;
201125;0700;;;8,03999;
201125;0800;;;5,38;
201125;0900;;;36,41;
201125;1000;;;15,25;
201125;1100;;;17,87;
201125;1200;;;12,26;
201125;1300;;;22,23;
201125;1400;;;30,82;
201125;1500;;;6,16;
201125;1600;;;21,16;
201125;1700;;;17,93;
201125;1800;;;7,01;
201125;1900;;;3,71;
201125;2000;;;6,21;
201125;2100;;;4,76;
201125;2200;;;5,44;
201125;2300;;;5,35;
201126;0000;;;5,15;
201126;0100;;;12,41;
201126;0200;;;17,33;
201126;0300;;;18,93;
201126;0400;;;16,43;
201126;0500;;;24,61;
201126;0600;;;13,1;
201126;0700;;;18,14;
201126;0800;;;26,06;
201126;0900;;;43,17;
201126;1000;;;22,28;
201126;1100;;;6,62;
201126;1200;;;3,55;
201126;1300;;;15,06;
201126;1400;;;6,82;
201126;1500;;;5,52;
201126;1600;;;6,3;
201126;1700;;;16,05;
201126;1800;;;3,44;
201126;1900;;;3,38;
201126;2000;;;4,31;
201126;2100;;;9,73;
201126;2200;;;13,64;
201126;2300;;;6,84;
201127;0000;;;10,41;
201127;0100;;;12,73;
201127;0200;;;9,21001;
201127;0300;;;7,79;
201127;0400;;;5,95;
201127;0500;;;5,05;
201127;0600;;;4,81;
201127;0700;;;11,24;
201127;0800;;;10,26;
201127;0900;;;7,96;
201127;1000;;;11,46;
201127;1100;;;4,63;
201127;1200;;;4,58;
201127;1300;;;4,93;
201127;1400;;;5,14;
201127;1500;;;5,28;
201127;1600;;;4,65;
201127;1700;;;7,16;
201127;1800;;;7,55;
201127;1900;;;4,99;
201127;2000;;;4,29;
201127;2100;;;4,67;
201127;2200;;;3,97;
201127;2300;;;8,5;
201128;0000;;;9,75;
201128;0100;;;4,46;
201128;0200;;;3,17;
201128;0300;;;4,18;
201128;0400;;;6,38;
201128;0500;;;7,98;
201128;0600;;;8,09;
201128;0700;;;13,72;
201128;0800;;;18,65;
201128;0900;;;28,26;
201128;1000;;;12,29;
201128;1100;;;6,6;
201128;1200;;;5,3;
201128;1300;;;4,8;
201128;1400;;;4,37;
201128;1500;;;4,36;
201128;1600;;;5,27;
201128;1700;;;8,18001;
201128;1800;;;6,74;
201128;1900;;;5,67;
201128;2000;;;4,02;
201128;2100;;;5,13;
201128;2200;;;10,39;
201128;2300;;;5,16;
201129;0000;;;10,1;
201129;0100;;;7,3;
201129;0200;;;7,44;
201129;0300;;;7,24;
201129;0400;;;5,56;
201129;0500;;;7,03;
201129;0600;;;8,00999;
201129;0700;;;10,15;
201129;0800;;;19,66;
201129;0900;;;8,43001;
201129;1000;;;7,02;
201129;1100;;;2,46;
201129;1200;;;4,68;
201129;1300;;;16,43;
201129;1400;;;30,36;
201129;1500;;;36,51;
201129;1600;;;10,13;
201129;1700;;;3,25;
201129;1800;;;6,33;
201129;1900;;;3,92;
201129;2000;;;4,24;
201129;2100;;;5,25;
201129;2200;;;7,72;
201129;2300;;;4,4;
201130;0000;;;4,36;
201130;0100;;;4,85;
201130;0200;;;3,5;
201130;0300;;;3,79;
201130;0400;;;3,54;
201130;0500;;;6,65;
201130;0600;;;12,22;
201130;0700;;;13,66;
201130;0800;;;19,6;
201130;0900;;;23,59;
201130;1000;;;34,35;
201130;1100;;;41,52;
201130;1200;;;19,09;
201130;1300;;;58,72;
201130;1400;;;35,98;
201130;1500;;;4,84;
201130;1600;;;3,29;
201130;1700;;;4,19;
201130;1800;;;3,94;
201130;1900;;;8,07001;
201130;2000;;;7,64;
201130;2100;;;11,82;
201130;2200;;;13,9;
201130;2300;;;13,19;
201201;0000;;;10,87;
201201;0100;;;8,10001;
201201;0200;;;13,47;
201201;0300;;;5,32;
201201;0400;;;4,27;
201201;0500;;;14,9;
201201;0600;;;14,85;
201201;0700;;;11,17;
201201;0800;;;10,11;
201201;0900;;;6,22;
201201;1000;;;5,9;
201201;1100;;;3,11;
201201;1200;;;14,24;
201201;1300;;;30,79;
201201;1400;;;8,34;
201201;1500;;;21,42;
201201;1600;;;44,65;
201201;1700;;;14,54;
201201;1800;;;9,22;
201201;1900;;;3,63;
201201;2000;;;9,72;
201201;2100;;;15,66;
201201;2200;;;6,77;
201201;2300;;;7,27;
201202;0000;;;7,91;
201202;0100;;;6,87;
201202;0200;;;6,35;
201202;0300;;;6,88;
201202;0400;;;6,72;
201202;0500;;;13,33;
201202;0600;;;7,33;
201202;0700;;;15,52;
201202;0800;;;53,84;
201202;0900;;;;
201202;1000;;;;
201202;1100;;;16,47;
201202;1200;;;10,49;
201202;1300;;;26,88;
201202;1400;;;21,55;
201202;1500;;;8,53999;
201202;1600;;;8,53999;
201202;1700;;;18,88;
201202;1800;;;32,23;
201202;1900;;;15,97;
201202;2000;;;6,97;
201202;2100;;;11,99;
201202;2200;;;15,4;
201202;2300;;;11,69;
201203;0000;;;8,58;
201203;0100;;;9,03;
201203;0200;;;11,15;
201203;0300;;;9,16;
201203;0400;;;7,37;
201203;0500;;;8,94;
201203;0600;;;10,37;
201203;0700;;;19,15;
201203;0800;;;35,2;
201203;0900;;;23,78;
201203;1000;;;11,13;
201203;1100;;;9,39999;
201203;1200;;;34,18;
201203;1300;;;49,07;
201203;1400;;;48,17;
201203;1500;;;23,41;
201203;1600;;;10,96;
201203;1700;;;11,59;
201203;1800;;;13,55;
201203;1900;;;11,58;
201203;2000;;;13,83;
201203;2100;;;16,94;
201203;2200;;;20,63;
201203;2300;;;15,12;
201204;0000;;;8,89;
201204;0100;;;8,45;
201204;0200;;;8,98;
201204;0300;;;11,37;
201204;0400;;;12,21;
201204;0500;;;16,16;
201204;0600;;;20,36;
201204;0700;;;29,81;
201204;0800;;;45,99;
201204;0900;;;76,13;
201204;1000;;;35,99;
201204;1100;;;11,35;
201204;1200;;;38,36;
201204;1300;;;111,95;
201204;1400;;;52,9;
201204;1500;;;45,74;
201204;1600;;;39,34;
201204;1700;;;17,84;
201204;1800;;;26,91;
201204;1900;;;9,67;
201204;2000;;;15,23;
201204;2100;;;23,96;
201204;2200;;;33,04;
201204;2300;;;24,41;
201205;0000;;;36,04;
201205;0100;;;24,22;
201205;0200;;;15,24;
201205;0300;;;13,68;
201205;0400;;;15,9;
201205;0500;;;26,34;
201205;0600;;;39,1;
201205;0700;;;39,23;
201205;0800;;;27,6;
201205;0900;;;20,95;
201205;1000;;;15,46;
201205;1100;;;14,53;
201205;1200;;;12,1;
201205;1300;;;10,25;
201205;1400;;;9,03999;
201205;1500;;;9,25999;
201205;1600;;;9,25;
201205;1700;;;8,87;
201205;1800;;;9,48;
201205;1900;;;9,53999;
201205;2000;;;13,37;
201205;2100;;;13,91;
201205;2200;;;9,27;
201205;2300;;;9,3;
201206;0000;;;12,21;
201206;0100;;;7,96;
201206;0200;;;8,00999;
201206;0300;;;6,41;
201206;0400;;;8,77;
201206;0500;;;19,28;
201206;0600;;;26,54;
201206;0700;;;17,19;
201206;0800;;;22,61;
201206;0900;;;35,15;
201206;1000;;;42,16;
201206;1100;;;43,59;
201206;1200;;;13,17;
201206;1300;;;8,88;
201206;1400;;;8,25;
201206;1500;;;8,05;
201206;1600;;;7,51;
201206;1700;;;7,5;
201206;1800;;;9,36;
201206;1900;;;10,43;
201206;2000;;;12;
201206;2100;;;13,8;
201206;2200;;;11,33;
201206;2300;;;11,41;
201207;0000;;;7,95;
201207;0100;;;16,91;
201207;0200;;;16,66;
201207;0300;;;9,39;
201207;0400;;;7,69;
201207;0500;;;8,69;
201207;0600;;;9,10001;
201207;0700;;;11,85;
201207;0800;;;16,33;
201207;0900;;;10,47;
201207;1000;;;12,18;
201207;1100;;;10,56;
201207;1200;;;7,92;
201207;1300;;;7,26;
201207;1400;;;7,54;
201207;1500;;;8,02;
201207;1600;;;9,42;
201207;1700;;;9,31;
201207;1800;;;10,29;
201207;1900;;;11,1;
201207;2000;;;12,14;
201207;2100;;;9,82001;
201207;2200;;;8,63;
201207;2300;;;6,12;
201208;0000;;;5,27;
201208;0100;;;4,36;
201208;0200;;;15,7;
201208;0300;;;9,34;
201208;0400;;;7,09;
201208;0500;;;9,98;
201208;0600;;;8,61;
201208;0700;;;7,71;
201208;0800;;;23,71;
201208;0900;;;15,13;
201208;1000;;;11,15;
201208;1100;;;18,05;
201208;1200;;;7,12;
201208;1300;;;6,58;
201208;1400;;;5,58;
201208;1500;;;6,78;
201208;1600;;;7,6;
201208;1700;;;7,28;
201208;1800;;;5,67;
201208;1900;;;10,72;
201208;2000;;;29,15;
201208;2100;;;9,32001;
201208;2200;;;7,59;
201208;2300;;;10,15;
201209;0000;;;9,10001;
201209;0100;;;7,52;
201209;0200;;;8,22;
201209;0300;;;14,26;
201209;0400;;;15,13;
201209;0500;;;23,05;
201209;0600;;;28,59;
201209;0700;;;34,55;
201209;0800;;;44,58;
201209;0900;;;31,11;
201209;1000;;;50,83;
201209;1100;;;42,31;
201209;1200;;;13,77;
201209;1300;;;26,45;
201209;1400;;;16,39;
201209;1500;;;7,61;
201209;1600;;;6,78;
201209;1700;;;8,60001;
201209;1800;;;9,23;
201209;1900;;;17,02;
201209;2000;;;16,49;
201209;2100;;;11,17;
201209;2200;;;11,86;
201209;2300;;;12,57;
201210;0000;;;9,2;
201210;0100;;;9,61;
201210;0200;;;8,35001;
201210;0300;;;8,38;
201210;0400;;;8,66;
201210;0500;;;9,78999;
201210;0600;;;14,61;
201210;0700;;;25,84;
201210;0800;;;33,33;
201210;0900;;;11,27;
201210;1000;;;9,41;
201210;1100;;;85,6801;
201210;1200;;;12,78;
201210;1300;;;11,42;
201210;1400;;;14,88;
201210;1500;;;9,85001;
201210;1600;;;10,72;
201210;1700;;;11,25;
201210;1800;;;9,28;
201210;1900;;;11,6;
201210;2000;;;13,26;
201210;2100;;;12,1;
201210;2200;;;14,49;
201210;2300;;;10,7;
201211;0000;;;10,4;
201211;0100;;;10,81;
201211;0200;;;10,13;
201211;0300;;;12,65;
201211;0400;;;12,81;
201211;0500;;;15,58;
201211;0600;;;17,82;
201211;0700;;;16,58;
201211;0800;;;39,55;
201211;0900;;;49,78;
201211;1000;;;14,19;
201211;1100;;;9,93001;
201211;1200;;;8,81;
201211;1300;;;8,25;
201211;1400;;;8,7;
201211;1500;;;8,39999;
201211;1600;;;9,27;
201211;1700;;;9,45;
201211;1800;;;9,27;
201211;1900;;;15,46;
201211;2000;;;9,84;
201211;2100;;;11,76;
201211;2200;;;31,03;
201211;2300;;;16,57;
201212;0000;;;12,44;
201212;0100;;;13,69;
201212;0200;;;13,08;
201212;0300;;;9,09;
201212;0400;;;10,84;
201212;0500;;;17,53;
201212;0600;;;26,96;
201212;0700;;;17,74;
201212;0800;;;12,8;
201212;0900;;;9,64;
201212;1000;;;10,95;
201212;1100;;;12,42;
201212;1200;;;11,65;
201212;1300;;;11,12;
201212;1400;;;10,43;
201212;1500;;;9,91;
201212;1600;;;9,95;
201212;1700;;;9,68001;
201212;1800;;;9,75;
201212;1900;;;7,37;
201212;2000;;;15,64;
201212;2100;;;13,61;
201212;2200;;;13,9;
201212;2300;;;10,76;
201213;0000;;;9,25999;
201213;0100;;;7,29;
201213;0200;;;10,07;
201213;0300;;;12,65;
201213;0400;;;19,46;
201213;0500;;;16,95;
201213;0600;;;31,46;
201213;0700;;;23,8;
201213;0800;;;16,61;
201213;0900;;;15,88;
201213;1000;;;6,76;
201213;1100;;;9,19;
201213;1200;;;28,05;
201213;1300;;;11,76;
201213;1400;;;7,27;
201213;1500;;;5,98;
201213;1600;;;6,46;
201213;1700;;;6,26;
201213;1800;;;7,09;
201213;1900;;;7,29;
201213;2000;;;8,92;
201213;2100;;;14,81;
201213;2200;;;10,53;
201213;2300;;;12,1;
201214;0000;;;14,81;
201214;0100;;;10,76;
201214;0200;;;11,91;
201214;0300;;;11,37;
201214;0400;;;10,39;
201214;0500;;;13,6;
201214;0600;;;9,87;
201214;0700;;;16,28;
201214;0800;;;16,54;
201214;0900;;;14,69;
201214;1000;;;11,82;
201214;1100;;;10,6;
201214;1200;;;17,88;
201214;1300;;;11,71;
201214;1400;;;8,24001;
201214;1500;;;8,34;
201214;1600;;;9,7;
201214;1700;;;8,53;
201214;1800;;;8,00999;
201214;1900;;;7,08;
201214;2000;;;10,8;
201214;2100;;;13,25;
201214;2200;;;16,33;
201214;2300;;;10,96;
201215;0000;;;14,21;
201215;0100;;;10,47;
201215;0200;;;13,58;
201215;0300;;;9,11;
201215;0400;;;10,62;
201215;0500;;;16,28;
201215;0600;;;17,24;
201215;0700;;;22,81;
201215;0800;;;37,36;
201215;0900;;;32,12;
201215;1000;;;20,61;
201215;1100;;;13,92;
201215;1200;;;8,88;
201215;1300;;;8,91;
201215;1400;;;7,44;
201215;1500;;;7,04;
201215;1600;;;7,25;
201215;1700;;;15,04;
201215;1800;;;15,45;
201215;1900;;;16,52;
201215;2000;;;21,5;
201215;2100;;;20,06;
201215;2200;;;17,31;
201215;2300;;;17,71;
201216;0000;;;15,23;
201216;0100;;;12,3;
201216;0200;;;9,08;
201216;0300;;;19,43;
201216;0400;;;15,64;
201216;0500;;;16,58;
201216;0600;;;25,59;
201216;0700;;;47,27;
201216;0800;;;87,17;
201216;0900;;;45,93;
201216;1000;;;28,07;
201216;1100;;;39;
201216;1200;;;23,56;
201216;1300;;;63;
201216;1400;;;30,17;
201216;1500;;;29,41;
201216;1600;;;25,52;
201216;1700;;;27,73;
201216;1800;;;11,51;
201216;1900;;;16,1;
201216;2000;;;16,03;
201216;2100;;;13,46;
201216;2200;;;37,66;
201216;2300;;;18,45;
201217;0000;;;13,69;
201217;0100;;;16,04;
201217;0200;;;17,51;
201217;0300;;;17,81;
201217;0400;;;18,97;
201217;0500;;;24,49;
201217;0600;;;22,97;
201217;0700;;;35,16;
201217;0800;;;45,34;
201217;0900;;;20,73;
201217;1000;;;40,26;
201217;1100;;;35,6;
201217;1200;;;;
201217;1300;;;;
201217;1400;;;14,03;
201217;1500;;;9,63;
201217;1600;;;13,6;
201217;1700;;;15,14;
201217;1800;;;16,04;
201217;1900;;;21,02;
201217;2000;;;20,1;
201217;2100;;;23,97;
201217;2200;;;19,91;
201217;2300;;;15,31;
201218;0000;;;8,35001;
201218;0100;;;7,34;
201218;0200;;;8,02;
201218;0300;;;8,34;
201218;0400;;;15,89;
201218;0500;;;13,25;
201218;0600;;;10,38;
201218;0700;;;10,45;
201218;0800;;;16,87;
201218;0900;;;10,16;
201218;1000;;;29,35;
201218;1100;;;18,18;
201218;1200;;;20,18;
201218;1300;;;10,79;
201218;1400;;;11,61;
201218;1500;;;15,95;
201218;1600;;;10;
201218;1700;;;15,54;
201218;1800;;;31,94;
201218;1900;;;13,38;
201218;2000;;;21,97;
201218;2100;;;41,39;
201218;2200;;;46,03;
201218;2300;;;16,34;
201219;0000;;;20,8;
201219;0100;;;9,74001;
201219;0200;;;12,93;
201219;0300;;;9,23;
201219;0400;;;13,07;
201219;0500;;;10,13;
201219;0600;;;15,31;
201219;0700;;;17,02;
201219;0800;;;21,2;
201219;0900;;;15,59;
201219;1000;;;9,28999;
201219;1100;;;19,79;
201219;1200;;;10,45;
201219;1300;;;11,38;
201219;1400;;;9,11;
201219;1500;;;8,78;
201219;1600;;;8,71001;
201219;1700;;;46,49;
201219;1800;;;42,29;
201219;1900;;;11,48;
201219;2000;;;15,89;
201219;2100;;;14,34;
201219;2200;;;9,21001;
201219;2300;;;9,06;
201220;0000;;;11,94;
201220;0100;;;16,43;
201220;0200;;;18,05;
201220;0300;;;13,55;
201220;0400;;;10,44;
201220;0500;;;13,53;
201220;0600;;;14,65;
201220;0700;;;17,53;
201220;0800;;;30,46;
201220;0900;;;16,73;
201220;1000;;;11,27;
201220;1100;;;17,26;
201220;1200;;;7,52;
201220;1300;;;11,88;
201220;1400;;;28,68;
201220;1500;;;41,96;
201220;1600;;;58,42;
201220;1700;;;60,83;
201220;1800;;;10,12;
201220;1900;;;8,10001;
201220;2000;;;11,13;
201220;2100;;;10,13;
201220;2200;;;10,06;
201220;2300;;;8,25999;
201221;0000;;;11,29;
201221;0100;;;8,89999;
201221;0200;;;10,34;
201221;0300;;;14,13;
201221;0400;;;12,38;
201221;0500;;;11,83;
201221;0600;;;17,99;
201221;0700;;;30,37;
201221;0800;;;35,23;
201221;0900;;;27,2;
201221;1000;;;22,95;
201221;1100;;;14,84;
201221;1200;;;29,22;
201221;1300;;;60,41;
201221;1400;;;81,09;
201221;1500;;;50,65;
201221;1600;;;40,29;
201221;1700;;;9,44;
201221;1800;;;7,15;
201221;1900;;;12,74;
201221;2000;;;14,14;
201221;2100;;;10,27;
201221;2200;;;9,93001;
201221;2300;;;16,46;
201222;0000;;;9,97;
201222;0100;;;9,23;
201222;0200;;;11,44;
201222;0300;;;10,22;
201222;0400;;;16,84;
201222;0500;;;15,29;
201222;0600;;;17,23;
201222;0700;;;20,03;
201222;0800;;;20,67;
201222;0900;;;12,44;
201222;1000;;;10,3;
201222;1100;;;11;
201222;1200;;;28,12;
201222;1300;;;18,34;
201222;1400;;;7,53;
201222;1500;;;6,85;
201222;1600;;;10,94;
201222;1700;;;10,42;
201222;1800;;;8,89999;
201222;1900;;;7,7;
201222;2000;;;9,91;
201222;2100;;;9,11;
201222;2200;;;11,27;
201222;2300;;;14,36;
201223;0000;;;12,75;
201223;0100;;;12,85;
201223;0200;;;7,52;
201223;0300;;;7,49;
201223;0400;;;9,41;
201223;0500;;;9,21001;
201223;0600;;;14,02;
201223;0700;;;12,18;
201223;0800;;;12,55;
201223;0900;;;11,05;
201223;1000;;;;
201223;1100;;;;
201223;1200;;;6,92;
201223;1300;;;7,33;
201223;1400;;;8,13;
201223;1500;;;10,36;
201223;1600;;;12,03;
201223;1700;;;10;
201223;1800;;;5,29;
201223;1900;;;8,14;
201223;2000;;;7,88;
201223;2100;;;9,28999;
201223;2200;;;9,25999;
201223;2300;;;17,25;
201224;0000;;;23,73;
201224;0100;;;15,51;
201224;0200;;;10,11;
201224;0300;;;9,96001;
201224;0400;;;11,17;
201224;0500;;;15,97;
201224;0600;;;23,39;
201224;0700;;;28,96;
201224;0800;;;18,56;
201224;0900;;;26,77;
201224;1000;;;22,67;
201224;1100;;;;
201224;1200;;;;
201224;1300;;;5,34;
201224;1400;;;7,37;
201224;1500;;;6,17;
201224;1600;;;6,1;
201224;1700;;;5,38;
201224;1800;;;4,85;
201224;1900;;;6,43;
201224;2000;;;8,24001;
201224;2100;;;9,69;
201224;2200;;;6,21;
201224;2300;;;5,9;
201225;0000;;;9,48;
201225;0100;;;9,46001;
201225;0200;;;8,99001;
201225;0300;;;7,54;
201225;0400;;;8,07001;
201225;0500;;;9,77;
201225;0600;;;11,98;
201225;0700;;;12,6;
201225;0800;;;8,56;
201225;0900;;;12,6;
201225;1000;;;25,58;
201225;1100;;;10,16;
201225;1200;;;23,73;
201225;1300;;;36,09;
201225;1400;;;32,85;
201225;1500;;;36,05;
201225;1600;;;9,35001;
201225;1700;;;5,1;
201225;1800;;;7,43;
201225;1900;;;5,5;
201225;2000;;;8,89999;
201225;2100;;;11,75;
201225;2200;;;13,14;
201225;2300;;;13,92;
201226;0000;;;17,2;
201226;0100;;;11,52;
201226;0200;;;11,54;
201226;0300;;;10,07;
201226;0400;;;12,66;
201226;0500;;;16,48;
201226;0600;;;15,88;
201226;0700;;;13,32;
201226;0800;;;14,47;
201226;0900;;;15,39;
201226;1000;;;17,91;
201226;1100;;;17,68;
201226;1200;;;13,43;
201226;1300;;;43,76;
201226;1400;;;100,5;
201226;1500;;;53,25;
201226;1600;;;64,5699;
201226;1700;;;35,42;
201226;1800;;;8,92;
201226;1900;;;6,46;
201226;2000;;;9,59;
201226;2100;;;10,11;
201226;2200;;;10,41;
201226;2300;;;11;
201227;0000;;;11,97;
201227;0100;;;11,22;
201227;0200;;;10,21;
201227;0300;;;7,45;
201227;0400;;;21,82;
201227;0500;;;33,09;
201227;0600;;;10,65;
201227;0700;;;7,69;
201227;0800;;;7,55;
201227;0900;;;9,78;
201227;1000;;;8,73;
201227;1100;;;8,07001;
201227;1200;;;7,39;
201227;1300;;;5,95;
201227;1400;;;5,88;
201227;1500;;;5,9;
201227;1600;;;6,37;
201227;1700;;;7,03;
201227;1800;;;8,13;
201227;1900;;;8,12;
201227;2000;;;10,81;
201227;2100;;;10,88;
201227;2200;;;11,94;
201227;2300;;;8,77;
201228;0000;;;8,03;
201228;0100;;;9,42;
201228;0200;;;9,69;
201228;0300;;;11,95;
201228;0400;;;15,11;
201228;0500;;;20,06;
201228;0600;;;17,84;
201228;0700;;;33,59;
201228;0800;;;40,05;
201228;0900;;;;
201228;1000;;;;
201228;1100;;;13,03;
201228;1200;;;10,23;
201228;1300;;;8,19;
201228;1400;;;9,53999;
201228;1500;;;9,52;
201228;1600;;;9,34;
201228;1700;;;7,73;
201228;1800;;;24,62;
201228;1900;;;13,72;
201228;2000;;;19,9;
201228;2100;;;15,88;
201228;2200;;;13,45;
201228;2300;;;6,12;
201229;0000;;;11,4;
201229;0100;;;10,75;
201229;0200;;;10,93;
201229;0300;;;9,99001;
201229;0400;;;8,28999;
201229;0500;;;12,72;
201229;0600;;;12,32;
201229;0700;;;14,17;
201229;0800;;;10,26;
201229;0900;;;9,12;
201229;1000;;;9,02;
201229;1100;;;11,39;
201229;1200;;;11,29;
201229;1300;;;8,93001;
201229;1400;;;8,58;
201229;1500;;;8,89;
201229;1600;;;8,85001;
201229;1700;;;9,58;
201229;1800;;;10,03;
201229;1900;;;15,86;
201229;2000;;;15,32;
201229;2100;;;12,27;
201229;2200;;;8,88;
201229;2300;;;9,5;
201230;0000;;;9,28999;
201230;0100;;;8,44;
201230;0200;;;6,31;
201230;0300;;;6,74;
201230;0400;;;7,1;
201230;0500;;;8,93001;
201230;0600;;;16;
201230;0700;;;18,12;
201230;0800;;;31,25;
201230;0900;;;15,57;
201230;1000;;;7,6;
201230;1100;;;8,58;
201230;1200;;;11,73;
201230;1300;;;8,75999;
201230;1400;;;9,36;
201230;1500;;;7,7;
201230;1600;;;20,88;
201230;1700;;;14,3;
201230;1800;;;13,87;
201230;1900;;;11,15;
201230;2000;;;8,84;
201230;2100;;;10,85;
201230;2200;;;15,81;
201230;2300;;;8,3;
201231;0000;;;13,55;
201231;0100;;;14,42;
201231;0200;;;10,93;
201231;0300;;;13,09;
201231;0400;;;16,48;
201231;0500;;;17,14;
201231;0600;;;19,57;
201231;0700;;;36,04;
201231;0800;;;45,24;
201231;0900;;;60,19;
201231;1000;;;22,14;
201231;1100;;;21,54;
201231;1200;;;40,93;
201231;1300;;;8,88;
201231;1400;;;4,95;
201231;1500;;;4,65;
201231;1600;;;5,34;
201231;1700;;;6,32;
201231;1800;;;5,49;
201231;1900;;;9,92;
201231;2000;;;9,82001;
201231;2100;;;11,65;
201231;2200;;;9,78999;
201231;2300;;;11,28;
210101;0000;;;9,16;
210101;0100;;;10,29;
210101;0200;;;10,95;
210101;0300;;;9,52;
210101;0400;;;8,03;
210101;0500;;;8,45;
210101;0600;;;8,48;
210101;0700;;;8,73;
210101;0800;;;12,76;
210101;0900;;;14,09;
210101;1000;;;11,16;
210101;1100;;;7,91;
210101;1200;;;9,57001;
210101;1300;;;11,9;
210101;1400;;;8,75999;
210101;1500;;;32,09;
210101;1600;;;34,38;
210101;1700;;;17,6;
210101;1800;;;6,37;
210101;1900;;;7,23;
210101;2000;;;8,27;
210101;2100;;;12,47;
210101;2200;;;8,44;
210101;2300;;;9,02;
210102;0000;;;12,93;
210102;0100;;;8,8;
210102;0200;;;7,12;
210102;0300;;;7,33;
210102;0400;;;6,51;
210102;0500;;;7,25;
210102;0600;;;7,39;
210102;0700;;;12,81;
210102;0800;;;22,98;
210102;0900;;;25,49;
210102;1000;;;20,64;
210102;1100;;;9,11;
210102;1200;;;14,24;
210102;1300;;;14,63;
210102;1400;;;6,7;
210102;1500;;;7,73;
210102;1600;;;14,6;
210102;1700;;;16,03;
210102;1800;;;19,77;
210102;1900;;;22;
210102;2000;;;7,03;
210102;2100;;;11,64;
210102;2200;;;12,26;
210102;2300;;;10,85;
210103;0000;;;9,47;
210103;0100;;;11,19;
210103;0200;;;8,92;
210103;0300;;;8,02;
210103;0400;;;9,27;
210103;0500;;;8,99001;
210103;0600;;;11,62;
210103;0700;;;13,09;
210103;0800;;;20,55;
210103;0900;;;33,72;
210103;1000;;;23,94;
210103;1100;;;18,95;
210103;1200;;;8,96001;
210103;1300;;;26,19;
210103;1400;;;35,53;
210103;1500;;;9,98;
210103;1600;;;14,72;
210103;1700;;;6,88;
210103;1800;;;6,63;
210103;1900;;;7,34;
210103;2000;;;15,07;
210103;2100;;;7,87;
210103;2200;;;8,96001;
210103;2300;;;6,51;
210104;0000;;;7,32;
210104;0100;;;7,51;
210104;0200;;;4,58;
210104;0300;;;6,05;
210104;0400;;;5,98;
210104;0500;;;7,27;
210104;0600;;;8,96001;
210104;0700;;;18,13;
210104;0800;;;20,24;
210104;0900;;;23,68;
210104;1000;;;16,34;
210104;1100;;;15,39;
210104;1200;;;8,06;
210104;1300;;;34,96;
210104;1400;;;35,25;
210104;1500;;;29,26;
210104;1600;;;11,8;
210104;1700;;;6,26;
210104;1800;;;6,98;
210104;1900;;;8,43001;
210104;2000;;;11,64;
210104;2100;;;12,19;
210104;2200;;;10,39;
210104;2300;;;11,67;
210105;0000;;;17,83;
210105;0100;;;11,33;
210105;0200;;;7,22;
210105;0300;;;7,65;
210105;0400;;;9,89999;
210105;0500;;;10,61;
210105;0600;;;17,13;
210105;0700;;;13,24;
210105;0800;;;14,85;
210105;0900;;;18,31;
210105;1000;;;16,13;
210105;1100;;;6,83;
210105;1200;;;14,31;
210105;1300;;;50,69;
210105;1400;;;29,89;
210105;1500;;;14,33;
210105;1600;;;31,89;
210105;1700;;;21,65;
210105;1800;;;8,5;
210105;1900;;;14,78;
210105;2000;;;17,31;
210105;2100;;;13,44;
210105;2200;;;15,38;
210105;2300;;;11,29;
210106;0000;;;13,28;
210106;0100;;;10,2;
210106;0200;;;6,76;
210106;0300;;;7,88;
210106;0400;;;8,28999;
210106;0500;;;7,83;
210106;0600;;;9,57001;
210106;0700;;;20,3;
210106;0800;;;41,88;
210106;0900;;;19,33;
210106;1000;;;18,75;
210106;1100;;;12,45;
210106;1200;;;;
210106;1300;;;;
210106;1400;;;22,44;
210106;1500;;;39,24;
210106;1600;;;25,31;
210106;1700;;;19,9;
210106;1800;;;8,73;
210106;1900;;;7,09;
210106;2000;;;7,63;
210106;2100;;;10,88;
210106;2200;;;11,79;
210106;2300;;;11,46;
210107;0000;;;8,60001;
210107;0100;;;7,99;
210107;0200;;;11,66;
210107;0300;;;19,98;
210107;0400;;;16,26;
210107;0500;;;22,65;
210107;0600;;;17,54;
210107;0700;;;18,01;
210107;0800;;;12,91;
210107;0900;;;6,27;
210107;1000;;;5,24;
210107;1100;;;22,24;
210107;1200;;;53,72;
210107;1300;;;43,67;
210107;1400;;;36,22;
210107;1500;;;25,73;
210107;1600;;;7,41;
210107;1700;;;6,68;
210107;1800;;;5,98;
210107;1900;;;5,55;
210107;2000;;;6,73;
210107;2100;;;8,07001;
210107;2200;;;8,89999;
210107;2300;;;11,51;
210108;0000;;;9,74001;
210108;0100;;;9,34;
210108;0200;;;9,52;
210108;0300;;;9,88;
210108;0400;;;11,9;
210108;0500;;;10,89;
210108;0600;;;21,7;
210108;0700;;;27,2;
210108;0800;;;34,2;
210108;0900;;;41,98;
210108;1000;;;35,84;
210108;1100;;;26,44;
210108;1200;;;9,53999;
210108;1300;;;26,76;
210108;1400;;;21,89;
210108;1500;;;49,58;
210108;1600;;;54,09;
210108;1700;;;32,5;
210108;1800;;;8,21001;
210108;1900;;;12,77;
210108;2000;;;9,48;
210108;2100;;;8,16;
210108;2200;;;11,03;
210108;2300;;;7,66;
210109;0000;;;9;
210109;0100;;;14,7;
210109;0200;;;8,69;
210109;0300;;;6,97;
210109;0400;;;6,91;
210109;0500;;;10,24;
210109;0600;;;20,39;
210109;0700;;;24,11;
210109;0800;;;14,69;
210109;0900;;;19,79;
210109;1000;;;33,37;
210109;1100;;;8,31;
210109;1200;;;7,65;
210109;1300;;;7,35;
210109;1400;;;8,45;
210109;1500;;;6,59;
210109;1600;;;6,71;
210109;1700;;;7,27;
210109;1800;;;7,45;
210109;1900;;;8,46001;
210109;2000;;;7,42;
210109;2100;;;10,6;
210109;2200;;;11,97;
210109;2300;;;8,06;
210110;0000;;;8,23;
210110;0100;;;6,26;
210110;0200;;;6,87;
210110;0300;;;8,78999;
210110;0400;;;10,36;
210110;0500;;;7,94;
210110;0600;;;20,27;
210110;0700;;;11,19;
210110;0800;;;6,15;
210110;0900;;;8,14999;
210110;1000;;;6,59;
210110;1100;;;6,16;
210110;1200;;;6,66;
210110;1300;;;8,28999;
210110;1400;;;8,57001;
210110;1500;;;8,64;
210110;1600;;;9,75999;
210110;1700;;;9,83;
210110;1800;;;9,66;
210110;1900;;;8,89999;
210110;2000;;;11,63;
210110;2100;;;12,75;
210110;2200;;;13,12;
210110;2300;;;8,53999;
210111;0000;;;7,78;
210111;0100;;;7,23;
210111;0200;;;6,03;
210111;0300;;;16,95;
210111;0400;;;23,41;
210111;0500;;;11,33;
210111;0600;;;13,12;
210111;0700;;;11,02;
210111;0800;;;12,91;
210111;0900;;;13,4;
210111;1000;;;12,58;
210111;1100;;;9,37;
210111;1200;;;17,97;
210111;1300;;;7,99;
210111;1400;;;8,23;
210111;1500;;;7,31;
210111;1600;;;8,05;
210111;1700;;;28,95;
210111;1800;;;26,74;
210111;1900;;;21,91;
210111;2000;;;22,94;
210111;2100;;;14;
210111;2200;;;12,24;
210111;2300;;;17,81;
210112;0000;;;14,6;
210112;0100;;;17,75;
210112;0200;;;25,67;
210112;0300;;;25,35;
210112;0400;;;18,19;
210112;0500;;;20,88;
210112;0600;;;18,84;
210112;0700;;;32,62;
210112;0800;;;39,86;
210112;0900;;;36,65;
210112;1000;;;32,18;
210112;1100;;;13,08;
210112;1200;;;9,93001;
210112;1300;;;8,03999;
210112;1400;;;8,73;
210112;1500;;;5,66;
210112;1600;;;4,78;
210112;1700;;;11,78;
210112;1800;;;18,21;
210112;1900;;;21,08;
210112;2000;;;20,47;
210112;2100;;;15,27;
210112;2200;;;14,31;
210112;2300;;;9,12;
210113;0000;;;9,32001;
210113;0100;;;9,09;
210113;0200;;;13,77;
210113;0300;;;9,42;
210113;0400;;;10,2;
210113;0500;;;14,33;
210113;0600;;;16,83;
210113;0700;;;23,59;
210113;0800;;;;
210113;0900;;;;
210113;1000;;;;
210113;1100;;;32,79;
210113;1200;;;10,11;
210113;1300;;;7,82;
210113;1400;;;7,81;
210113;1500;;;5,3;
210113;1600;;;9,66;
210113;1700;;;5,67;
210113;1800;;;5,65;
210113;1900;;;9,94;
210113;2000;;;12,05;
210113;2100;;;13,64;
210113;2200;;;15,48;
210113;2300;;;15,1;
210114;0000;;;13,5;
210114;0100;;;13,91;
210114;0200;;;7,82;
210114;0300;;;8,25999;
210114;0400;;;8,19;
210114;0500;;;8,42;
210114;0600;;;13,03;
210114;0700;;;15,44;
210114;0800;;;19;
210114;0900;;;20,66;
210114;1000;;;25,65;
210114;1100;;;19,96;
210114;1200;;;9,19;
210114;1300;;;7,97;
210114;1400;;;7,81;
210114;1500;;;7,87;
210114;1600;;;8,13;
210114;1700;;;9,47;
210114;1800;;;8,35001;
210114;1900;;;9,22;
210114;2000;;;9,18001;
210114;2100;;;15,42;
210114;2200;;;12,41;
210114;2300;;;13,1;
210115;0000;;;11,45;
210115;0100;;;9,42;
210115;0200;;;11,1;
210115;0300;;;12,44;
210115;0400;;;12,62;
210115;0500;;;15,23;
210115;0600;;;21,61;
210115;0700;;;24,07;
210115;0800;;;17,69;
210115;0900;;;9,28;
210115;1000;;;8,36;
210115;1100;;;7,79;
210115;1200;;;;
210115;1300;;;8,05;
210115;1400;;;7,42;
210115;1500;;;7,89;
210115;1600;;;6,72;
210115;1700;;;7,56;
210115;1800;;;10,33;
210115;1900;;;11,8;
210115;2000;;;15,14;
210115;2100;;;19,56;
210115;2200;;;13,94;
210115;2300;;;17,31;
210116;0000;;;9,23;
210116;0100;;;8,06;
210116;0200;;;8,60001;
210116;0300;;;10,35;
210116;0400;;;15,78;
210116;0500;;;23,41;
210116;0600;;;25,18;
210116;0700;;;12,97;
210116;0800;;;29,8;
210116;0900;;;24,59;
210116;1000;;;15,35;
210116;1100;;;11,15;
210116;1200;;;26,95;
210116;1300;;;20,61;
210116;1400;;;22,55;
210116;1500;;;17,48;
210116;1600;;;7,92;
210116;1700;;;8,75999;
210116;1800;;;9,08;
210116;1900;;;16,41;
210116;2000;;;23,42;
210116;2100;;;12,53;
210116;2200;;;13,89;
210116;2300;;;22,34;
210117;0000;;;14,59;
210117;0100;;;12,3;
210117;0200;;;8,98;
210117;0300;;;8,87;
210117;0400;;;12,88;
210117;0500;;;23,6;
210117;0600;;;31,71;
210117;0700;;;21,63;
210117;0800;;;35,71;
210117;0900;;;27,23;
210117;1000;;;19,9;
210117;1100;;;39,29;
210117;1200;;;11,21;
210117;1300;;;8,68001;
210117;1400;;;29,08;
210117;1500;;;56,55;
210117;1600;;;5,38;
210117;1700;;;8,95;
210117;1800;;;11,89;
210117;1900;;;12,24;
210117;2000;;;15,1;
210117;2100;;;15,91;
210117;2200;;;13,76;
210117;2300;;;13,62;
210118;0000;;;10,77;
210118;0100;;;11,64;
210118;0200;;;7,14;
210118;0300;;;7,61;
210118;0400;;;9,89;
210118;0500;;;15,4;
210118;0600;;;25,49;
210118;0700;;;36,61;
210118;0800;;;54,32;
210118;0900;;;59,64;
210118;1000;;;74,71;
210118;1100;;;80,61;
210118;1200;;;100,07;
210118;1300;;;19,23;
210118;1400;;;12,88;
210118;1500;;;102,46;
210118;1600;;;38,11;
210118;1700;;;16,45;
210118;1800;;;12,53;
210118;1900;;;16,37;
210118;2000;;;16,42;
210118;2100;;;23,06;
210118;2200;;;26,16;
210118;2300;;;23,83;
210119;0000;;;37,38;
210119;0100;;;48,91;
210119;0200;;;24,14;
210119;0300;;;22,75;
210119;0400;;;17,11;
210119;0500;;;16,93;
210119;0600;;;;
210119;0700;;;;
210119;0800;;;;
210119;0900;;;;
210119;1000;;;;
210119;1100;;;;
210119;1200;;;;
210119;1300;;;;
210119;1400;;;;
210119;1500;;;21,31;
210119;1600;;;8,41;
210119;1700;;;10,69;
210119;1800;;;10,81;
210119;1900;;;11,56;
210119;2000;;;13,39;
210119;2100;;;11,57;
210119;2200;;;11,35;
210119;2300;;;19,79;
210120;0000;;;8,77;
210120;0100;;;9,53;
210120;0200;;;11,01;
210120;0300;;;12,05;
210120;0400;;;15,14;
210120;0500;;;45,55;
210120;0600;;;100,92;
210120;0700;;;53,84;
210120;0800;;;53,9;
210120;0900;;;91,38;
210120;1000;;;23,88;
210120;1100;;;15,77;
210120;1200;;;;
210120;1300;;;;
210120;1400;;;;
210120;1500;;;9,74001;
210120;1600;;;8,64;
210120;1700;;;7,64;
210120;1800;;;10,42;
210120;1900;;;10,85;
210120;2000;;;11,71;
210120;2100;;;13,49;
210120;2200;;;14,09;
210120;2300;;;13,24;
210121;0000;;;14,14;
210121;0100;;;18,52;
210121;0200;;;17,08;
210121;0300;;;14,24;
210121;0400;;;14;
210121;0500;;;27,11;
210121;0600;;;24,71;
210121;0700;;;24,71;
210121;0800;;;24,71;
210121;0900;;;24,71;
210121;1000;;;24,71;
210121;1100;;;24,71;
210121;1200;;;18,91;
210121;1300;;;7,04;
210121;1400;;;10,4;
210121;1500;;;12,05;
210121;1600;;;20,05;
210121;1700;;;26,21;
210121;1800;;;26,92;
210121;1900;;;17,46;
210121;2000;;;20,8;
210121;2100;;;34,16;
210121;2200;;;25,37;
210121;2300;;;14,73;
210122;0000;;;14,38;
210122;0100;;;14,52;
210122;0200;;;12,82;
210122;0300;;;15,41;
210122;0400;;;16,39;
210122;0500;;;24,91;
210122;0600;;;29,47;
210122;0700;;;30,81;
210122;0800;;;16,96;
210122;0900;;;22,95;
210122;1000;;;43,19;
210122;1100;;;25,3;
210122;1200;;;36,46;
210122;1300;;;48,77;
210122;1400;;;110,33;
210122;1500;;;42,64;
210122;1600;;;26,37;
210122;1700;;;19,36;
210122;1800;;;11,93;
210122;1900;;;14,24;
210122;2000;;;17,49;
210122;2100;;;40,73;
210122;2200;;;14,7;
210122;2300;;;16,95;
210123;0000;;;23,39;
210123;0100;;;22,73;
210123;0200;;;20,54;
210123;0300;;;18,15;
210123;0400;;;19,45;
210123;0500;;;21,54;
210123;0600;;;33,25;
210123;0700;;;28,76;
210123;0800;;;38,95;
210123;0900;;;45,44;
210123;1000;;;38,83;
210123;1100;;;22,37;
210123;1200;;;14,52;
210123;1300;;;13,44;
210123;1400;;;11,28;
210123;1500;;;9,96001;
210123;1600;;;8,62;
210123;1700;;;8,39;
210123;1800;;;10,38;
210123;1900;;;10,59;
210123;2000;;;21,98;
210123;2100;;;31,4;
210123;2200;;;47,41;
210123;2300;;;30,39;
210124;0000;;;28,08;
210124;0100;;;16,82;
210124;0200;;;24,42;
210124;0300;;;29,08;
210124;0400;;;27,48;
210124;0500;;;42,26;
210124;0600;;;49,05;
210124;0700;;;51,07;
210124;0800;;;24,09;
210124;0900;;;23,67;
210124;1000;;;18,67;
210124;1100;;;10,59;
210124;1200;;;10,33;
210124;1300;;;33,17;
210124;1400;;;9,66;
210124;1500;;;8,00999;
210124;1600;;;9,17;
210124;1700;;;7,06;
210124;1800;;;7,35;
210124;1900;;;8,42;
210124;2000;;;13,19;
210124;2100;;;11,17;
210124;2200;;;17,81;
210124;2300;;;11,68;
210125;0000;;;7,67;
210125;0100;;;8,00999;
210125;0200;;;7,63;
210125;0300;;;9,36;
210125;0400;;;7,53;
210125;0500;;;7,54;
210125;0600;;;16,48;
210125;0700;;;22,51;
210125;0800;;;37,27;
210125;0900;;;;
210125;1000;;;;
210125;1100;;;117,71;
210125;1200;;;54,49;
210125;1300;;;44,7;
210125;1400;;;29,79;
210125;1500;;;68,1;
210125;1600;;;32,96;
210125;1700;;;9,89;
210125;1800;;;13,99;
210125;1900;;;13,8;
210125;2000;;;9,95;
210125;2100;;;13,48;
210125;2200;;;13,99;
210125;2300;;;21,42;
210126;0000;;;11,84;
210126;0100;;;8,92;
210126;0200;;;11,3;
210126;0300;;;15,38;
210126;0400;;;9,38;
210126;0500;;;12,05;
210126;0600;;;13,18;
210126;0700;;;25,09;
210126;0800;;;50,83;
210126;0900;;;48,85;
210126;1000;;;104,51;
210126;1100;;;22,26;
210126;1200;;;29,96;
210126;1300;;;11,72;
210126;1400;;;9,13;
210126;1500;;;12,78;
210126;1600;;;19,92;
210126;1700;;;17,09;
210126;1800;;;26,38;
210126;1900;;;28,28;
210126;2000;;;19,72;
210126;2100;;;13,14;
210126;2200;;;10,51;
210126;2300;;;13,42;
210127;0000;;;13,41;
210127;0100;;;12;
210127;0200;;;9,43001;
210127;0300;;;11,22;
210127;0400;;;9,62;
210127;0500;;;11,53;
210127;0600;;;16,73;
210127;0700;;;20,27;
210127;0800;;;17,48;
210127;0900;;;19,97;
210127;1000;;;14,49;
210127;1100;;;13,32;
210127;1200;;;16,27;
210127;1300;;;8,63;
210127;1400;;;11,3;
210127;1500;;;8,10001;
210127;1600;;;8,19;
210127;1700;;;8,18001;
210127;1800;;;9,45;
210127;1900;;;8,11;
210127;2000;;;8,2;
210127;2100;;;13,21;
210127;2200;;;20,4;
210127;2300;;;21,91;
210128;0000;;;9,95;
210128;0100;;;11,25;
210128;0200;;;12,7;
210128;0300;;;18,28;
210128;0400;;;22,9;
210128;0500;;;24,96;
210128;0600;;;32,14;
210128;0700;;;33,79;
210128;0800;;;16,67;
210128;0900;;;25,55;
210128;1000;;;15,72;
210128;1100;;;12,26;
210128;1200;;;11,04;
210128;1300;;;10,75;
210128;1400;;;11,37;
210128;1500;;;10,02;
210128;1600;;;11,02;
210128;1700;;;12,61;
210128;1800;;;13,6;
210128;1900;;;12,88;
210128;2000;;;11,8;
210128;2100;;;10,88;
210128;2200;;;8,10001;
210128;2300;;;7,72;
210129;0000;;;6,71;
210129;0100;;;4,68;
210129;0200;;;5,22;
210129;0300;;;4,46;
210129;0400;;;5,24;
210129;0500;;;6,39;
210129;0600;;;7,82;
210129;0700;;;9,12;
210129;0800;;;10,73;
210129;0900;;;9,63;
210129;1000;;;12,05;
210129;1100;;;11,14;
210129;1200;;;11,93;
210129;1300;;;14,6;
210129;1400;;;16,04;
210129;1500;;;15,54;
210129;1600;;;20,36;
210129;1700;;;17,46;
210129;1800;;;16,51;
210129;1900;;;17,23;
210129;2000;;;18,93;
210129;2100;;;19,98;
210129;2200;;;15,74;
210129;2300;;;18,28;
210130;0000;;;11,38;
210130;0100;;;8,86;
210130;0200;;;7,92;
210130;0300;;;7,24;
210130;0400;;;8,10001;
210130;0500;;;11,87;
210130;0600;;;14,83;
210130;0700;;;20,88;
210130;0800;;;30,04;
210130;0900;;;46,2;
210130;1000;;;72,09;
210130;1100;;;65,76;
210130;1200;;;26,37;
210130;1300;;;18,28;
210130;1400;;;20,7;
210130;1500;;;14,34;
210130;1600;;;9,00999;
210130;1700;;;11,19;
210130;1800;;;15,19;
210130;1900;;;39,37;
210130;2000;;;25,41;
210130;2100;;;13,62;
210130;2200;;;11,32;
210130;2300;;;12,91;
210131;0000;;;16,66;
210131;0100;;;13,69;
210131;0200;;;12,28;
210131;0300;;;11,46;
210131;0400;;;14,34;
210131;0500;;;19,15;
210131;0600;;;27,65;
210131;0700;;;17,07;
210131;0800;;;60,98;
210131;0900;;;46,27;
210131;1000;;;14,57;
210131;1100;;;13,35;
210131;1200;;;8,66;
210131;1300;;;8,10001;
210131;1400;;;7,14;
210131;1500;;;20,98;
210131;1600;;;43,6;
210131;1700;;;14,2;
210131;1800;;;8,69;
210131;1900;;;11,9;
210131;2000;;;12,7;
210131;2100;;;14,5;
210131;2200;;;9,77;
210131;2300;;;8,11;
210201;0000;;;9,82001;
210201;0100;;;11,52;
210201;0200;;;10,87;
210201;0300;;;10,98;
210201;0400;;;12,55;
210201;0500;;;11,77;
210201;0600;;;14,23;
210201;0700;;;14,12;
210201;0800;;;25,28;
210201;0900;;;25,46;
210201;1000;;;11,94;
210201;1100;;;;
210201;1200;;;;
210201;1300;;;;
210201;1400;;;9,28999;
210201;1500;;;34,36;
210201;1600;;;29,78;
210201;1700;;;11,73;
210201;1800;;;13,73;
210201;1900;;;16,62;
210201;2000;;;26;
210201;2100;;;15,72;
210201;2200;;;15,26;
210201;2300;;;18,02;
210202;0000;;;13,29;
210202;0100;;;15,99;
210202;0200;;;11,09;
210202;0300;;;12,15;
210202;0400;;;14,39;
210202;0500;;;23,22;
210202;0600;;;23,89;
210202;0700;;;23,1;
210202;0800;;;39,21;
210202;0900;;;41,03;
210202;1000;;;50,14;
210202;1100;;;29,98;
210202;1200;;;10,62;
210202;1300;;;18,66;
210202;1400;;;6,37;
210202;1500;;;8,68001;
210202;1600;;;16,37;
210202;1700;;;11,8;
210202;1800;;;11,42;
210202;1900;;;11,78;
210202;2000;;;21,94;
210202;2100;;;19,07;
210202;2200;;;14,03;
210202;2300;;;15,11;
210203;0000;;;10,95;
210203;0100;;;9,74001;
210203;0200;;;17,05;
210203;0300;;;25,36;
210203;0400;;;72,1801;
210203;0500;;;35,72;
210203;0600;;;30,61;
210203;0700;;;31,82;
210203;0800;;;42,49;
210203;0900;;;44,46;
210203;1000;;;39,7;
210203;1100;;;19,47;
210203;1200;;;19,94;
210203;1300;;;14,17;
210203;1400;;;12,23;
210203;1500;;;9,67;
210203;1600;;;9,89999;
210203;1700;;;11;
210203;1800;;;11,32;
210203;1900;;;13,61;
210203;2000;;;19,67;
210203;2100;;;34,11;
210203;2200;;;35,18;
210203;2300;;;32,9;
210204;0000;;;25,53;
210204;0100;;;19,31;
210204;0200;;;21,16;
210204;0300;;;16,95;
210204;0400;;;23,17;
210204;0500;;;24;
210204;0600;;;29,04;
210204;0700;;;26,51;
210204;0800;;;37,76;
210204;0900;;;46,25;
210204;1000;;;34,59;
210204;1100;;;25,56;
210204;1200;;;13,22;
210204;1300;;;8,97;
210204;1400;;;8,49001;
210204;1500;;;7,64;
210204;1600;;;7,31;
210204;1700;;;11,07;
210204;1800;;;14,82;
210204;1900;;;12,88;
210204;2000;;;12,77;
210204;2100;;;10,86;
210204;2200;;;8,46001;
210204;2300;;;7,65;
210205;0000;;;6,32;
210205;0100;;;7,02;
210205;0200;;;6,88;
210205;0300;;;6,05;
210205;0400;;;6,73;
210205;0500;;;8,25999;
210205;0600;;;12,4;
210205;0700;;;9,78999;
210205;0800;;;7,31;
210205;0900;;;7,91;
210205;1000;;;7,22;
210205;1100;;;6,55;
210205;1200;;;6,24;
210205;1300;;;9,5;
210205;1400;;;8,74001;
210205;1500;;;9,35001;
210205;1600;;;9,98;
210205;1700;;;9,83;
210205;1800;;;10,52;
210205;1900;;;11,45;
210205;2000;;;11,33;
210205;2100;;;9,28999;
210205;2200;;;6,03;
210205;2300;;;4,65;
210206;0000;;;5,04;
210206;0100;;;6,32;
210206;0200;;;7,39;
210206;0300;;;11,4;
210206;0400;;;5,34;
210206;0500;;;7,12;
210206;0600;;;9,96001;
210206;0700;;;10,12;
210206;0800;;;8,73;
210206;0900;;;8,38;
210206;1000;;;11,24;
210206;1100;;;10,29;
210206;1200;;;10,13;
210206;1300;;;8,57001;
210206;1400;;;8,68001;
210206;1500;;;7,53;
210206;1600;;;7,07;
210206;1700;;;7,17;
210206;1800;;;6,84;
210206;1900;;;8,35001;
210206;2000;;;7,59;
210206;2100;;;8,46001;
210206;2200;;;10,31;
210206;2300;;;12,68;
210207;0000;;;11,4;
210207;0100;;;15,65;
210207;0200;;;10,14;
210207;0300;;;6,85;
210207;0400;;;9,16;
210207;0500;;;6,72;
210207;0600;;;5,25;
210207;0700;;;5,6;
210207;0800;;;13,94;
210207;0900;;;14,58;
210207;1000;;;6,1;
210207;1100;;;7,54;
210207;1200;;;7,6;
210207;1300;;;7,33;
210207;1400;;;5,76;
210207;1500;;;5,08;
210207;1600;;;4,4;
210207;1700;;;4,99;
210207;1800;;;10,21;
210207;1900;;;7,63;
210207;2000;;;10,77;
210207;2100;;;9,21001;
210207;2200;;;7,46;
210207;2300;;;5,21;
210208;0000;;;9,5;
210208;0100;;;17,41;
210208;0200;;;12,5;
210208;0300;;;11,22;
210208;0400;;;13,95;
210208;0500;;;15,56;
210208;0600;;;15,82;
210208;0700;;;19,13;
210208;0800;;;17,39;
210208;0900;;;23,65;
210208;1000;;;29,17;
210208;1100;;;;
210208;1200;;;;
210208;1300;;;14,3;
210208;1400;;;5,28;
210208;1500;;;5,81;
210208;1600;;;6,9;
210208;1700;;;8,27;
210208;1800;;;10,29;
210208;1900;;;8,13;
210208;2000;;;5,55;
210208;2100;;;15,33;
210208;2200;;;19,86;
210208;2300;;;14,25;
210209;0000;;;30,46;
210209;0100;;;15,07;
210209;0200;;;8,19;
210209;0300;;;10,64;
210209;0400;;;17,35;
210209;0500;;;9,85001;
210209;0600;;;21,5;
210209;0700;;;22,49;
210209;0800;;;41,76;
210209;0900;;;43,8;
210209;1000;;;23,87;
210209;1100;;;21,81;
210209;1200;;;11,62;
210209;1300;;;9,89999;
210209;1400;;;9,97;
210209;1500;;;11,7;
210209;1600;;;11,99;
210209;1700;;;9,14999;
210209;1800;;;11,21;
210209;1900;;;16,82;
210209;2000;;;26,91;
210209;2100;;;21,93;
210209;2200;;;16,23;
210209;2300;;;8,58;
210210;0000;;;6,81;
210210;0100;;;6,48;
210210;0200;;;6,78;
210210;0300;;;13,15;
210210;0400;;;21,17;
210210;0500;;;42,82;
210210;0600;;;30,99;
210210;0700;;;40,03;
210210;0800;;;36,2;
210210;0900;;;45,06;
210210;1000;;;38,59;
210210;1100;;;24,38;
210210;1200;;;15,02;
210210;1300;;;8,49001;
210210;1400;;;6,17;
210210;1500;;;6,29;
210210;1600;;;7,94;
210210;1700;;;8,10001;
210210;1800;;;6,85;
210210;1900;;;7,44;
210210;2000;;;7,35;
210210;2100;;;6,94;
210210;2200;;;7,29;
210210;2300;;;6,15;
210211;0000;;;5,5;
210211;0100;;;4,58;
210211;0200;;;12,23;
210211;0300;;;5,97;
210211;0400;;;6,35;
210211;0500;;;7,81;
210211;0600;;;9,39999;
210211;0700;;;9,85001;
210211;0800;;;16,71;
210211;0900;;;9,25;
210211;1000;;;23,38;
210211;1100;;;10,71;
210211;1200;;;21,11;
210211;1300;;;18,9;
210211;1400;;;13,9;
210211;1500;;;8,12;
210211;1600;;;8,69;
210211;1700;;;8,88;
210211;1800;;;10,27;
210211;1900;;;12,81;
210211;2000;;;18,84;
210211;2100;;;14,82;
210211;2200;;;17,58;
210211;2300;;;12,42;
210212;0000;;;9,84;
210212;0100;;;13,77;
210212;0200;;;14,63;
210212;0300;;;19,71;
210212;0400;;;53,73;
210212;0500;;;26,6;
210212;0600;;;20,62;
210212;0700;;;16,73;
210212;0800;;;13,76;
210212;0900;;;18,96;
210212;1000;;;27,2;
210212;1100;;;10,4;
210212;1200;;;11,83;
210212;1300;;;8,47;
210212;1400;;;7,16;
210212;1500;;;7,1;
210212;1600;;;6,81;
210212;1700;;;8,17;
210212;1800;;;8,10001;
210212;1900;;;14,09;
210212;2000;;;17,9;
210212;2100;;;19,4;
210212;2200;;;14,03;
210212;2300;;;19,73;
210213;0000;;;14,36;
210213;0100;;;9,3;
210213;0200;;;9,95;
210213;0300;;;11,97;
210213;0400;;;11,07;
210213;0500;;;11,6;
210213;0600;;;14,25;
210213;0700;;;16,29;
210213;0800;;;20,36;
210213;0900;;;34,16;
210213;1000;;;27,92;
210213;1100;;;16,69;
210213;1200;;;2,98;
210213;1300;;;5,49;
210213;1400;;;6,63;
210213;1500;;;3,73;
210213;1600;;;2,89;
210213;1700;;;5,5;
210213;1800;;;16,12;
210213;1900;;;17,18;
210213;2000;;;12,09;
210213;2100;;;10,96;
210213;2200;;;7,87;
210213;2300;;;6,07;
210214;0000;;;4,62;
210214;0100;;;6,11;
210214;0200;;;6,27;
210214;0300;;;6,35;
210214;0400;;;7,19;
210214;0500;;;7,71;
210214;0600;;;8,03;
210214;0700;;;8,69;
210214;0800;;;19,57;
210214;0900;;;16,25;
210214;1000;;;16,57;
210214;1100;;;13,83;
210214;1200;;;10,21;
210214;1300;;;10,94;
210214;1400;;;5,26;
210214;1500;;;4,04;
210214;1600;;;2,64;
210214;1700;;;3,6;
210214;1800;;;8,8;
210214;1900;;;7,98;
210214;2000;;;7,84;
210214;2100;;;7,48;
210214;2200;;;12,76;
210214;2300;;;11,29;
210215;0000;;;15,18;
210215;0100;;;8,43001;
210215;0200;;;6,14;
210215;0300;;;6,54;
210215;0400;;;9,09;
210215;0500;;;7,31;
210215;0600;;;9,58;
210215;0700;;;17,04;
210215;0800;;;25,42;
210215;0900;;;13,36;
210215;1000;;;11,5;
210215;1100;;;7,92;
210215;1200;;;8,52;
210215;1300;;;7,21;
210215;1400;;;7,53;
210215;1500;;;7,46;
210215;1600;;;8,28999;
210215;1700;;;8,91;
210215;1800;;;9,7;
210215;1900;;;12,6;
210215;2000;;;17,4;
210215;2100;;;13,93;
210215;2200;;;10,82;
210215;2300;;;19,71;
210216;0000;;;29,52;
210216;0100;;;9,08;
210216;0200;;;7,26;
210216;0300;;;8,72;
210216;0400;;;11,68;
210216;0500;;;9,55;
210216;0600;;;9,07001;
210216;0700;;;10,1;
210216;0800;;;31,73;
210216;0900;;;43,14;
210216;1000;;;31,87;
210216;1100;;;16,76;
210216;1200;;;19,53;
210216;1300;;;8,50999;
210216;1400;;;6,39;
210216;1500;;;7,56;
210216;1600;;;7;
210216;1700;;;9,5;
210216;1800;;;11,62;
210216;1900;;;13,23;
210216;2000;;;12,39;
210216;2100;;;16,58;
210216;2200;;;10,16;
210216;2300;;;9,64999;
210217;0000;;;15,39;
210217;0100;;;12,9;
210217;0200;;;18,75;
210217;0300;;;16,29;
210217;0400;;;12,54;
210217;0500;;;16,36;
210217;0600;;;15,3;
210217;0700;;;10,86;
210217;0800;;;22,52;
210217;0900;;;33,69;
210217;1000;;;23,87;
210217;1100;;;31,17;
210217;1200;;;13,52;
210217;1300;;;6,51;
210217;1400;;;6,42;
210217;1500;;;4,97;
210217;1600;;;6,26;
210217;1700;;;7,19;
210217;1800;;;7,06;
210217;1900;;;8,47;
210217;2000;;;8,24001;
210217;2100;;;8,24001;
210217;2200;;;5,23;
210217;2300;;;14,98;
210218;0000;;;9,49001;
210218;0100;;;7,21;
210218;0200;;;6,45;
210218;0300;;;7,53;
210218;0400;;;12,79;
210218;0500;;;12,94;
210218;0600;;;3,98;
210218;0700;;;12,8;
210218;0800;;;15,13;
210218;0900;;;9,02;
210218;1000;;;14,36;
210218;1100;;;7,8;
210218;1200;;;9,53999;
210218;1300;;;8,31;
210218;1400;;;6,97;
210218;1500;;;8,47;
210218;1600;;;9,87;
210218;1700;;;11,23;
210218;1800;;;13,84;
210218;1900;;;18,49;
210218;2000;;;19,37;
210218;2100;;;8,22;
210218;2200;;;9,2;
210218;2300;;;17,85;
210219;0000;;;13,69;
210219;0100;;;18,25;
210219;0200;;;11,69;
210219;0300;;;8,68001;
210219;0400;;;6,4;
210219;0500;;;13,95;
210219;0600;;;16,75;
210219;0700;;;22,21;
210219;0800;;;26,85;
210219;0900;;;;
210219;1000;;;;
210219;1100;;;;
210219;1200;;;14,84;
210219;1300;;;14,18;
210219;1400;;;26,59;
210219;1500;;;27,47;
210219;1600;;;20,57;
210219;1700;;;6,09;
210219;1800;;;18,11;
210219;1900;;;14,05;
210219;2000;;;8,89;
210219;2100;;;11,77;
210219;2200;;;11,03;
210219;2300;;;11,27;
210220;0000;;;15,95;
210220;0100;;;14,73;
210220;0200;;;21,84;
210220;0300;;;23,02;
210220;0400;;;31,51;
210220;0500;;;40,21;
210220;0600;;;38,42;
210220;0700;;;37,33;
210220;0800;;;9,93001;
210220;0900;;;45,49;
210220;1000;;;33,95;
210220;1100;;;34,87;
210220;1200;;;46,76;
210220;1300;;;77,11;
210220;1400;;;21,01;
210220;1500;;;28,26;
210220;1600;;;25,59;
210220;1700;;;24,23;
210220;1800;;;24,4;
210220;1900;;;8,61;
210220;2000;;;5,55;
210220;2100;;;8,89;
210220;2200;;;9,05;
210220;2300;;;12,75;
210221;0000;;;10,66;
210221;0100;;;11,22;
210221;0200;;;9,37;
210221;0300;;;9,60001;
210221;0400;;;8,74001;
210221;0500;;;7,44;
210221;0600;;;8,08;
210221;0700;;;6,94;
210221;0800;;;8,36;
210221;0900;;;7,6;
210221;1000;;;25,79;
210221;1100;;;9,45;
210221;1200;;;25,82;
210221;1300;;;6,31;
210221;1400;;;6,25;
210221;1500;;;6,95;
210221;1600;;;9,47;
210221;1700;;;8,91;
210221;1800;;;28,22;
210221;1900;;;14,64;
210221;2000;;;10,11;
210221;2100;;;17,87;
210221;2200;;;7,5;
210221;2300;;;9,32001;
210222;0000;;;4,8;
210222;0100;;;4,97;
210222;0200;;;6,2;
210222;0300;;;9,92;
210222;0400;;;11,61;
210222;0500;;;19,23;
210222;0600;;;35,89;
210222;0700;;;45,18;
210222;0800;;;31,99;
210222;0900;;;21,52;
210222;1000;;;38,52;
210222;1100;;;21,8;
210222;1200;;;19,38;
210222;1300;;;8,92;
210222;1400;;;6,89;
210222;1500;;;22,05;
210222;1600;;;32,38;
210222;1700;;;19,9;
210222;1800;;;8,38;
210222;1900;;;9,28;
210222;2000;;;8,92;
210222;2100;;;9,42;
210222;2200;;;9,53999;
210222;2300;;;7,8;
210223;0000;;;9,38;
210223;0100;;;11,06;
210223;0200;;;14,35;
210223;0300;;;12,75;
210223;0400;;;13,26;
210223;0500;;;24,66;
210223;0600;;;67,9301;
210223;0700;;;42,57;
210223;0800;;;22,94;
210223;0900;;;37,68;
210223;1000;;;37,31;
210223;1100;;;;
210223;1200;;;;
210223;1300;;;;
210223;1400;;;10,33;
210223;1500;;;29,34;
210223;1600;;;28,68;
210223;1700;;;12,19;
210223;1800;;;11,07;
210223;1900;;;19,4;
210223;2000;;;14,59;
210223;2100;;;13,21;
210223;2200;;;9,92;
210223;2300;;;16,57;
210224;0000;;;14,18;
210224;0100;;;14,91;
210224;0200;;;11,32;
210224;0300;;;8,91;
210224;0400;;;8,8;
210224;0500;;;18,02;
210224;0600;;;21,81;
210224;0700;;;50,59;
210224;0800;;;59,12;
210224;0900;;;45,01;
210224;1000;;;45,36;
210224;1100;;;18,74;
210224;1200;;;13,47;
210224;1300;;;9,12;
210224;1400;;;8,00999;
210224;1500;;;8,12;
210224;1600;;;7,09;
210224;1700;;;9,56;
210224;1800;;;14,32;
210224;1900;;;19,94;
210224;2000;;;17,18;
210224;2100;;;13,7;
210224;2200;;;10;
210224;2300;;;9,14999;
210225;0000;;;11,21;
210225;0100;;;8,83;
210225;0200;;;6,83;
210225;0300;;;8,69;
210225;0400;;;7,25;
210225;0500;;;9,87;
210225;0600;;;15,08;
210225;0700;;;23,31;
210225;0800;;;21,24;
210225;0900;;;16,35;
210225;1000;;;8,94;
210225;1100;;;8,3;
210225;1200;;;8,23;
210225;1300;;;6,13;
210225;1400;;;6,98;
210225;1500;;;6,78;
210225;1600;;;6,78;
210225;1700;;;7,61;
210225;1800;;;7,98;
210225;1900;;;11,07;
210225;2000;;;16,6;
210225;2100;;;8,78999;
210225;2200;;;8,11;
210225;2300;;;7,36;
210226;0000;;;8,37;
210226;0100;;;9,2;
210226;0200;;;10,24;
210226;0300;;;8,08;
210226;0400;;;12,14;
210226;0500;;;9,88;
210226;0600;;;8,78;
210226;0700;;;12,74;
210226;0800;;;22,08;
210226;0900;;;31,26;
210226;1000;;;67,96;
210226;1100;;;37,63;
210226;1200;;;21,47;
210226;1300;;;26,14;
210226;1400;;;12,48;
210226;1500;;;16,8;
210226;1600;;;20,72;
210226;1700;;;24,08;
210226;1800;;;13,04;
210226;1900;;;7,42;
210226;2000;;;13,22;
210226;2100;;;19,51;
210226;2200;;;13,09;
210226;2300;;;17,61;
210227;0000;;;16,32;
210227;0100;;;16,96;
210227;0200;;;6,98;
210227;0300;;;13,98;
210227;0400;;;11,72;
210227;0500;;;17,13;
210227;0600;;;22,52;
210227;0700;;;26,03;
210227;0800;;;16,27;
210227;0900;;;13,73;
210227;1000;;;11,76;
210227;1100;;;8,61;
210227;1200;;;11,62;
210227;1300;;;10,03;
210227;1400;;;19,69;
210227;1500;;;41,73;
210227;1600;;;32,58;
210227;1700;;;15,89;
210227;1800;;;12,06;
210227;1900;;;9,38;
210227;2000;;;11,34;
210227;2100;;;12,69;
210227;2200;;;18,02;
210227;2300;;;15,55;
210228;0000;;;14,34;
210228;0100;;;11,03;
210228;0200;;;8,52;
210228;0300;;;10,8;
210228;0400;;;11,05;
210228;0500;;;13,29;
210228;0600;;;26,12;
210228;0700;;;32,65;
210228;0800;;;21,19;
210228;0900;;;19,92;
210228;1000;;;43,65;
210228;1100;;;11,8;
210228;1200;;;11,12;
210228;1300;;;8,53;
210228;1400;;;7,82;
210228;1500;;;14,27;
210228;1600;;;7,2;
210228;1700;;;7,97;
210228;1800;;;3,32;
210228;1900;;;7,27;
210228;2000;;;12,14;
210228;2100;;;23,45;
210228;2200;;;22,28;
210228;2300;;;21,88;
210301;0000;;;20,57;
210301;0100;;;14,82;
210301;0200;;;17,07;
210301;0300;;;19,89;
210301;0400;;;20,3;
210301;0500;;;24,73;
210301;0600;;;35,14;
210301;0700;;;48,29;
210301;0800;;;33,45;
210301;0900;;;41,43;
210301;1000;;;18,49;
210301;1100;;;;
210301;1200;;;;
210301;1300;;;21,1;
210301;1400;;;20,42;
210301;1500;;;15,99;
210301;1600;;;15,01;
210301;1700;;;23,78;
210301;1800;;;25,4;
210301;1900;;;31,2;
210301;2000;;;29,44;
210301;2100;;;16,81;
210301;2200;;;13,38;
210301;2300;;;13,53;
210302;0000;;;16,73;
210302;0100;;;14,53;
210302;0200;;;11,6;
210302;0300;;;11,39;
210302;0400;;;5,82;
210302;0500;;;8,64999;
210302;0600;;;12,58;
210302;0700;;;19,3;
210302;0800;;;41,52;
210302;0900;;;39,76;
210302;1000;;;22,91;
210302;1100;;;19,85;
210302;1200;;;14,66;
210302;1300;;;12;
210302;1400;;;11,8;
210302;1500;;;7,68;
210302;1600;;;9,06;
210302;1700;;;9,77;
210302;1800;;;11,21;
210302;1900;;;15,6;
210302;2000;;;22,77;
210302;2100;;;15,56;
210302;2200;;;11,68;
210302;2300;;;15,12;
210303;0000;;;14,87;
210303;0100;;;9,08;
210303;0200;;;16,91;
210303;0300;;;31,7;
210303;0400;;;48,75;
210303;0500;;;56,92;
210303;0600;;;61,98;
210303;0700;;;40,53;
210303;0800;;;51,36;
210303;0900;;;60,24;
210303;1000;;;49,17;
210303;1100;;;42,84;
210303;1200;;;21,45;
210303;1300;;;11,32;
210303;1400;;;14,99;
210303;1500;;;11,11;
210303;1600;;;24,67;
210303;1700;;;21,35;
210303;1800;;;27,16;
210303;1900;;;26,2;
210303;2000;;;32,73;
210303;2100;;;28,82;
210303;2200;;;51,1;
210303;2300;;;37,04;
210304;0000;;;16,28;
210304;0100;;;17,61;
210304;0200;;;17,21;
210304;0300;;;15,81;
210304;0400;;;19,86;
210304;0500;;;17,47;
210304;0600;;;18,99;
210304;0700;;;29,18;
210304;0800;;;28,24;
210304;0900;;;45,24;
210304;1000;;;55,42;
210304;1100;;;56,73;
210304;1200;;;123,8;
210304;1300;;;21,5;
210304;1400;;;22,67;
210304;1500;;;72,62;
210304;1600;;;55,34;
210304;1700;;;25,87;
210304;1800;;;17,27;
210304;1900;;;25,35;
210304;2000;;;38,48;
210304;2100;;;52,02;
210304;2200;;;46,71;
210304;2300;;;46,18;
210305;0000;;;52,93;
210305;0100;;;33,53;
210305;0200;;;22,53;
210305;0300;;;19,9;
210305;0400;;;19,47;
210305;0500;;;20,31;
210305;0600;;;24,49;
210305;0700;;;30,32;
210305;0800;;;23,97;
210305;0900;;;8,2;
210305;1000;;;6,4;
210305;1100;;;6,53;
210305;1200;;;6,35;
210305;1300;;;7,29;
210305;1400;;;7,46;
210305;1500;;;7,49;
210305;1600;;;9,00999;
210305;1700;;;8,28999;
210305;1800;;;9,25999;
210305;1900;;;11,4;
210305;2000;;;9,64999;
210305;2100;;;9,27;
210305;2200;;;7,09;
210305;2300;;;5,24;
210306;0000;;;11,22;
210306;0100;;;10,42;
210306;0200;;;13,78;
210306;0300;;;23,58;
210306;0400;;;14,76;
210306;0500;;;12,84;
210306;0600;;;18,91;
210306;0700;;;19,46;
210306;0800;;;17,74;
210306;0900;;;30,53;
210306;1000;;;49,87;
210306;1100;;;30,58;
210306;1200;;;12,69;
210306;1300;;;7,38;
210306;1400;;;6,67;
210306;1500;;;6,61;
210306;1600;;;6,28;
210306;1700;;;8,28999;
210306;1800;;;8,99001;
210306;1900;;;12,84;
210306;2000;;;17,64;
210306;2100;;;12,61;
210306;2200;;;9,39999;
210306;2300;;;14,49;
210307;0000;;;15,25;
210307;0100;;;17,67;
210307;0200;;;14,44;
210307;0300;;;12,13;
210307;0400;;;14,79;
210307;0500;;;22,07;
210307;0600;;;27,45;
210307;0700;;;34,37;
210307;0800;;;23,74;
210307;0900;;;19,13;
210307;1000;;;8,28;
210307;1100;;;6,05;
210307;1200;;;10,87;
210307;1300;;;6,07;
210307;1400;;;7,54;
210307;1500;;;16,72;
210307;1600;;;17,75;
210307;1700;;;16,12;
210307;1800;;;14,98;
210307;1900;;;33,84;
210307;2000;;;35,11;
210307;2100;;;28,78;
210307;2200;;;24,27;
210307;2300;;;23,4;
210308;0000;;;21,51;
210308;0100;;;19,68;
210308;0200;;;25,95;
210308;0300;;;25,92;
210308;0400;;;26,78;
210308;0500;;;18,58;
210308;0600;;;16,58;
210308;0700;;;31,16;
210308;0800;;;48,86;
210308;0900;;;60,62;
210308;1000;;;29,52;
210308;1100;;;;
210308;1200;;;;
210308;1300;;;31,04;
210308;1400;;;32,26;
210308;1500;;;66,7;
210308;1600;;;17,1;
210308;1700;;;18,5;
210308;1800;;;15,76;
210308;1900;;;32,58;
210308;2000;;;36,47;
210308;2100;;;31,09;
210308;2200;;;20,95;
210308;2300;;;14,37;
210309;0000;;;17,29;
210309;0100;;;13,99;
210309;0200;;;15,26;
210309;0300;;;13,33;
210309;0400;;;16,58;
210309;0500;;;18,36;
210309;0600;;;25,81;
210309;0700;;;45,73;
210309;0800;;;22,8;
210309;0900;;;34,25;
210309;1000;;;27,77;
210309;1100;;;17,72;
210309;1200;;;14,35;
210309;1300;;;11,81;
210309;1400;;;3,87;
210309;1500;;;3,6;
210309;1600;;;3,26;
210309;1700;;;5,41;
210309;1800;;;7,12;
210309;1900;;;10,64;
210309;2000;;;7,95;
210309;2100;;;8,78999;
210309;2200;;;10,6;
210309;2300;;;8,09;
210310;0000;;;4,6;
210310;0100;;;3,13;
210310;0200;;;2,29;
210310;0300;;;3,86;
210310;0400;;;4,77;
210310;0500;;;8,68001;
210310;0600;;;7,28;
210310;0700;;;9,08;
210310;0800;;;7,41;
210310;0900;;;6,18;
210310;1000;;;7,65;
210310;1100;;;9,89999;
210310;1200;;;12,33;
210310;1300;;;9,87;
210310;1400;;;9,64;
210310;1500;;;7,21;
210310;1600;;;10,58;
210310;1700;;;12,71;
210310;1800;;;13,79;
210310;1900;;;17,03;
210310;2000;;;26,96;
210310;2100;;;20,65;
210310;2200;;;46,41;
210310;2300;;;58,86;
210311;0000;;;32,93;
210311;0100;;;31,41;
210311;0200;;;60,22;
210311;0300;;;37,09;
210311;0400;;;29,98;
210311;0500;;;39,5;
210311;0600;;;24,66;
210311;0700;;;53,54;
210311;0800;;;32,66;
210311;0900;;;74,7;
210311;1000;;;53,09;
210311;1100;;;62,63;
210311;1200;;;32,26;
210311;1300;;;16,74;
210311;1400;;;15,9;
210311;1500;;;19,5;
210311;1600;;;11,93;
210311;1700;;;13,92;
210311;1800;;;21,51;
210311;1900;;;28,57;
210311;2000;;;25,54;
210311;2100;;;21,27;
210311;2200;;;14,95;
210311;2300;;;14,14;
210312;0000;;;18,65;
210312;0100;;;25,03;
210312;0200;;;23,18;
210312;0300;;;31,73;
210312;0400;;;34,21;
210312;0500;;;32,71;
210312;0600;;;69,59;
210312;0700;;;91,51;
210312;0800;;;34,46;
210312;0900;;;31,72;
210312;1000;;;25,18;
210312;1100;;;42,59;
210312;1200;;;10,57;
210312;1300;;;13,17;
210312;1400;;;26,84;
210312;1500;;;47,88;
210312;1600;;;8,88;
210312;1700;;;8,46001;
210312;1800;;;14,44;
210312;1900;;;35,01;
210312;2000;;;36,82;
210312;2100;;;27,24;
210312;2200;;;21,1;
210312;2300;;;30,72;
210313;0000;;;27,51;
210313;0100;;;15,62;
210313;0200;;;19,76;
210313;0300;;;33,11;
210313;0400;;;40,53;
210313;0500;;;47,8;
210313;0600;;;80,6901;
210313;0700;;;67,77;
210313;0800;;;45,71;
210313;0900;;;19,76;
210313;1000;;;11,46;
210313;1100;;;7,3;
210313;1200;;;5,74;
210313;1300;;;7,07;
210313;1400;;;7,41;
210313;1500;;;4,57;
210313;1600;;;4,19;
210313;1700;;;5,95;
210313;1800;;;7,26;
210313;1900;;;9,89999;
210313;2000;;;8,25999;
210313;2100;;;5,11;
210313;2200;;;2,94;
210313;2300;;;3,69;
210314;0000;;;2,44;
210314;0100;;;5,1;
210314;0200;;;14,22;
210314;0300;;;8,00999;
210314;0400;;;5,51;
210314;0500;;;10,91;
210314;0600;;;4,62;
210314;0700;;;3,26;
210314;0800;;;5,87;
210314;0900;;;6,25;
210314;1000;;;8;
210314;1100;;;6,08;
210314;1200;;;5,77;
210314;1300;;;5,3;
210314;1400;;;5,94;
210314;1500;;;5,33;
210314;1600;;;4,2;
210314;1700;;;5,19;
210314;1800;;;7,21;
210314;1900;;;6,3;
210314;2000;;;6,02;
210314;2100;;;3,81;
210314;2200;;;1,62;
210314;2300;;;2,47;
210315;0000;;;2,6;
210315;0100;;;5,34;
210315;0200;;;4,44;
210315;0300;;;1,89;
210315;0400;;;4,81;
210315;0500;;;7,1;
210315;0600;;;15,46;
210315;0700;;;12,13;
210315;0800;;;15,9;
210315;0900;;;20,52;
210315;1000;;;23,05;
210315;1100;;;22,68;
210315;1200;;;23,08;
210315;1300;;;13,12;
210315;1400;;;13,5;
210315;1500;;;9,67;
210315;1600;;;25,43;
210315;1700;;;14,99;
210315;1800;;;11,08;
210315;1900;;;13,86;
210315;2000;;;9,84;
210315;2100;;;6,2;
210315;2200;;;8,37;
210315;2300;;;11,64;
210316;0000;;;10,26;
210316;0100;;;6,91;
210316;0200;;;10,26;
210316;0300;;;3,75;
210316;0400;;;4,39;
210316;0500;;;4,58;
210316;0600;;;30,22;
210316;0700;;;37,26;
210316;0800;;;;
210316;0900;;;;
210316;1000;;;;
210316;1100;;;;
210316;1200;;;42,38;
210316;1300;;;35,94;
210316;1400;;;21,06;
210316;1500;;;25,02;
210316;1600;;;9,03999;
210316;1700;;;14,17;
210316;1800;;;16,03;
210316;1900;;;8,81;
210316;2000;;;10,69;
210316;2100;;;11,39;
210316;2200;;;7,66;
210316;2300;;;8,86;
210317;0000;;;6,13;
210317;0100;;;11,2;
210317;0200;;;12,68;
210317;0300;;;15,97;
210317;0400;;;15,88;
210317;0500;;;46,19;
210317;0600;;;58,57;
210317;0700;;;26,99;
210317;0800;;;39,3;
210317;0900;;;24,24;
210317;1000;;;17,28;
210317;1100;;;15,31;
210317;1200;;;6,27;
210317;1300;;;2,6;
210317;1400;;;4,25;
210317;1500;;;2,81;
210317;1600;;;2,34;
210317;1700;;;2,25;
210317;1800;;;4,91;
210317;1900;;;8,42;
210317;2000;;;14,65;
210317;2100;;;14,06;
210317;2200;;;5,58;
210317;2300;;;3,08;
210318;0000;;;5,2;
210318;0100;;;2,73;
210318;0200;;;2,07;
210318;0300;;;2,76;
210318;0400;;;7,11;
210318;0500;;;9,18001;
210318;0600;;;8,2;
210318;0700;;;17,69;
210318;0800;;;11,69;
210318;0900;;;5,45;
210318;1000;;;2,47;
210318;1100;;;2,12;
210318;1200;;;1;
210318;1300;;;1;
210318;1400;;;2,61;
210318;1500;;;4,82;
210318;1600;;;6,75;
210318;1700;;;8,46001;
210318;1800;;;11,64;
210318;1900;;;16,52;
210318;2000;;;14,92;
210318;2100;;;10,25;
210318;2200;;;7,74;
210318;2300;;;9,61;
210319;0000;;;6,9;
210319;0100;;;11,17;
210319;0200;;;9,52;
210319;0300;;;9,98;
210319;0400;;;10,88;
210319;0500;;;13,27;
210319;0600;;;16,25;
210319;0700;;;18,06;
210319;0800;;;19,35;
210319;0900;;;23,31;
210319;1000;;;23,24;
210319;1100;;;17,07;
210319;1200;;;8,78999;
210319;1300;;;8,56;
210319;1400;;;6,07;
210319;1500;;;5,77;
210319;1600;;;6,96;
210319;1700;;;8,53999;
210319;1800;;;11,06;
210319;1900;;;11,86;
210319;2000;;;13,06;
210319;2100;;;12,22;
210319;2200;;;9,83;
210319;2300;;;7,51;
210320;0000;;;5,02;
210320;0100;;;5,07;
210320;0200;;;4,13;
210320;0300;;;2,76;
210320;0400;;;2,23;
210320;0500;;;2,46;
210320;0600;;;3,82;
210320;0700;;;4,07;
210320;0800;;;3,3;
210320;0900;;;2,92;
210320;1000;;;3,81;
210320;1100;;;6,11;
210320;1200;;;6,67;
210320;1300;;;5,82;
210320;1400;;;5,61;
210320;1500;;;6,21;
210320;1600;;;5,07;
210320;1700;;;15,56;
210320;1800;;;13,15;
210320;1900;;;28,34;
210320;2000;;;11,15;
210320;2100;;;10,53;
210320;2200;;;11,09;
210320;2300;;;15,16;
210321;0000;;;18,07;
210321;0100;;;14,65;
210321;0200;;;29,63;
210321;0300;;;16,34;
210321;0400;;;14,78;
210321;0500;;;32,26;
210321;0600;;;55,87;
210321;0700;;;61,62;
210321;0800;;;42,53;
210321;0900;;;26,28;
210321;1000;;;26,42;
210321;1100;;;17,97;
210321;1200;;;10,08;
210321;1300;;;6,4;
210321;1400;;;5,66;
210321;1500;;;5,09;
210321;1600;;;6,03;
210321;1700;;;7,21;
210321;1800;;;9,08;
210321;1900;;;21,98;
210321;2000;;;22,12;
210321;2100;;;11,46;
210321;2200;;;12,91;
210321;2300;;;18,13;
210322;0000;;;13,35;
210322;0100;;;12,08;
210322;0200;;;14,72;
210322;0300;;;11,73;
210322;0400;;;15,37;
210322;0500;;;31,45;
210322;0600;;;45,54;
210322;0700;;;41,52;
210322;0800;;;23,47;
210322;0900;;;40,45;
210322;1000;;;71,72;
210322;1100;;;;
210322;1200;;;;
210322;1300;;;;
210322;1400;;;31,95;
210322;1500;;;29,49;
210322;1600;;;19,72;
210322;1700;;;58,37;
210322;1800;;;38,52;
210322;1900;;;46,9;
210322;2000;;;32,6;
210322;2100;;;8,81;
210322;2200;;;12,99;
210322;2300;;;16,76;
210323;0000;;;14,34;
210323;0100;;;14,05;
210323;0200;;;16,21;
210323;0300;;;7,53;
210323;0400;;;6,9;
210323;0500;;;16,52;
210323;0600;;;22,32;
210323;0700;;;63,51;
210323;0800;;;30,49;
210323;0900;;;10,08;
210323;1000;;;19,15;
210323;1100;;;45,01;
210323;1200;;;29,71;
210323;1300;;;13,38;
210323;1400;;;8,48;
210323;1500;;;12,61;
210323;1600;;;6,7;
210323;1700;;;12,72;
210323;1800;;;11,64;
210323;1900;;;29,15;
210323;2000;;;26,5;
210323;2100;;;20,37;
210323;2200;;;14,45;
210323;2300;;;13,82;
210324;0000;;;9,93001;
210324;0100;;;10,65;
210324;0200;;;11,78;
210324;0300;;;8,39;
210324;0400;;;17,07;
210324;0500;;;13,45;
210324;0600;;;39,63;
210324;0700;;;53,37;
210324;0800;;;44,86;
210324;0900;;;61,67;
210324;1000;;;70,5;
210324;1100;;;94,9;
210324;1200;;;39,26;
210324;1300;;;18,46;
210324;1400;;;10,74;
210324;1500;;;8,64;
210324;1600;;;7,86;
210324;1700;;;16,15;
210324;1800;;;23,8;
210324;1900;;;18,94;
210324;2000;;;17,9;
210324;2100;;;9,74001;
210324;2200;;;15,84;
210324;2300;;;15,32;
210325;0000;;;8;
210325;0100;;;11,94;
210325;0200;;;10,53;
210325;0300;;;8,5;
210325;0400;;;9,22;
210325;0500;;;10,84;
210325;0600;;;14,76;
210325;0700;;;21,39;
210325;0800;;;34,55;
210325;0900;;;72,17;
210325;1000;;;67,98;
210325;1100;;;43,68;
210325;1200;;;55,07;
210325;1300;;;;
210325;1400;;;;
210325;1500;;;5,87;
210325;1600;;;7,07;
210325;1700;;;12,58;
210325;1800;;;15,06;
210325;1900;;;43,7;
210325;2000;;;20,63;
210325;2100;;;23,46;
210325;2200;;;10,88;
210325;2300;;;10,23;
210326;0000;;;9,57001;
210326;0100;;;14,31;
210326;0200;;;13,28;
210326;0300;;;19,53;
210326;0400;;;26,95;
210326;0500;;;40,92;
210326;0600;;;60,87;
210326;0700;;;70,39;
210326;0800;;;101,66;
210326;0900;;;87,25;
210326;1000;;;51,12;
210326;1100;;;28,2;
210326;1200;;;42,93;
210326;1300;;;37,82;
210326;1400;;;55,48;
210326;1500;;;66,52;
210326;1600;;;29,49;
210326;1700;;;32,44;
210326;1800;;;30,57;
210326;1900;;;29,45;
210326;2000;;;29,15;
210326;2100;;;29,49;
210326;2200;;;24,97;
210326;2300;;;13,74;
210327;0000;;;23,26;
210327;0100;;;18,85;
210327;0200;;;25,29;
210327;0300;;;15,5;
210327;0400;;;17,57;
210327;0500;;;21,15;
210327;0600;;;45,33;
210327;0700;;;62,3;
210327;0800;;;67,02;
210327;0900;;;78,72;
210327;1000;;;56,15;
210327;1100;;;58,52;
210327;1200;;;32,01;
210327;1300;;;19,35;
210327;1400;;;13,67;
210327;1500;;;21,24;
210327;1600;;;8,78;
210327;1700;;;13,68;
210327;1800;;;21,09;
210327;1900;;;17,84;
210327;2000;;;13,83;
210327;2100;;;20,98;
210327;2200;;;13,23;
210327;2300;;;13,53;
210328;0000;;;13,7;
210328;0100;;;14,16;
210328;0200;;;11,6;
210328;0300;;;11,45;
210328;0400;;;15,22;
210328;0500;;;25,64;
210328;0600;;;43,06;
210328;0700;;;39,23;
210328;0800;;;30,89;
210328;0900;;;39,44;
210328;1000;;;27,42;
210328;1100;;;15,1;
210328;1200;;;18,59;
210328;1300;;;19,16;
210328;1400;;;19,84;
210328;1500;;;18,83;
210328;1600;;;10,53;
210328;1700;;;10,85;
210328;1800;;;15,92;
210328;1900;;;22,15;
210328;2000;;;18,75;
210328;2100;;;16,24;
210328;2200;;;15,19;
210328;2300;;;17,57;
210329;0000;;;16,27;
210329;0100;;;13,41;
210329;0200;;;11,47;
210329;0300;;;15,31;
210329;0400;;;17,04;
210329;0500;;;49,28;
210329;0600;;;44,42;
210329;0700;;;35,28;
210329;0800;;;27,06;
210329;0900;;;21,75;
210329;1000;;;13,96;
210329;1100;;;;
210329;1200;;;;
210329;1300;;;10,98;
210329;1400;;;10;
210329;1500;;;9,66;
210329;1600;;;9,96001;
210329;1700;;;10,42;
210329;1800;;;13,36;
210329;1900;;;13,18;
210329;2000;;;12,6;
210329;2100;;;8,49001;
210329;2200;;;5,93;
210329;2300;;;6,93;
210330;0000;;;15,38;
210330;0100;;;11,87;
210330;0200;;;13,95;
210330;0300;;;11,48;
210330;0400;;;9,13;
210330;0500;;;10,98;
210330;0600;;;11,66;
210330;0700;;;11,3;
210330;0800;;;17,41;
210330;0900;;;16,09;
210330;1000;;;26,58;
210330;1100;;;32,73;
210330;1200;;;30,28;
210330;1300;;;;
210330;1400;;;12,27;
210330;1500;;;9,46001;
210330;1600;;;9,11;
210330;1700;;;13,91;
210330;1800;;;19,22;
210330;1900;;;21,07;
210330;2000;;;15,52;
210330;2100;;;27,19;
210330;2200;;;17,11;
210330;2300;;;21,56;
210331;0000;;;12,63;
210331;0100;;;48,14;
210331;0200;;;31,84;
210331;0300;;;20,69;
210331;0400;;;21,42;
210331;0500;;;21,8;
210331;0600;;;31,74;
210331;0700;;;38,83;
210331;0800;;;53,49;
210331;0900;;;47,34;
210331;1000;;;49,92;
210331;1100;;;47,24;
210331;1200;;;19,24;
210331;1300;;;13,6;
210331;1400;;;9,81;
210331;1500;;;9,34;
210331;1600;;;11,08;
210331;1700;;;12,57;
210331;1800;;;20,94;
210331;1900;;;44,25;
210331;2000;;;22;
210331;2100;;;20,25;
210331;2200;;;20,74;
210331;2300;;;16,65;
210401;0000;;;16,83;
210401;0100;;;33,68;
210401;0200;;;17,75;
210401;0300;;;17,53;
210401;0400;;;14,74;
210401;0500;;;14,28;
210401;0600;;;15,12;
210401;0700;;;19,04;
210401;0800;;;15,74;
210401;0900;;;27,36;
210401;1000;;;18,17;
210401;1100;;;20,91;
210401;1200;;;26,19;
210401;1300;;;21,19;
210401;1400;;;15,85;
210401;1500;;;11,85;
210401;1600;;;12,22;
210401;1700;;;13,35;
210401;1800;;;18,07;
210401;1900;;;22,78;
210401;2000;;;19,78;
210401;2100;;;17,43;
210401;2200;;;15,53;
210401;2300;;;17,62;
210402;0000;;;24,19;
210402;0100;;;24,24;
210402;0200;;;13,47;
210402;0300;;;22,76;
210402;0400;;;32,33;
210402;0500;;;43,71;
210402;0600;;;21,39;
210402;0700;;;26,44;
210402;0800;;;30,32;
210402;0900;;;21,02;
210402;1000;;;12,01;
210402;1100;;;17,18;
210402;1200;;;9,28999;
210402;1300;;;25,84;
210402;1400;;;6,08;
210402;1500;;;28,4;
210402;1600;;;48,38;
210402;1700;;;6,41;
210402;1800;;;13,38;
210402;1900;;;20,84;
210402;2000;;;19,39;
210402;2100;;;19,1;
210402;2200;;;10,09;
210402;2300;;;7,55;
210403;0000;;;8,31;
210403;0100;;;13,44;
210403;0200;;;17,3;
210403;0300;;;20,26;
210403;0400;;;22,62;
210403;0500;;;43,61;
210403;0600;;;57,12;
210403;0700;;;66,66;
210403;0800;;;57,39;
210403;0900;;;21,06;
210403;1000;;;28,4;
210403;1100;;;60,42;
210403;1200;;;38,62;
210403;1300;;;50,3;
210403;1400;;;42,29;
210403;1500;;;28,35;
210403;1600;;;16,49;
210403;1700;;;9,31;
210403;1800;;;18,38;
210403;1900;;;19,24;
210403;2000;;;29,64;
210403;2100;;;35,96;
210403;2200;;;40,27;
210403;2300;;;47,47;
210404;0000;;;35,59;
210404;0100;;;26,88;
210404;0200;;;26,75;
210404;0300;;;32,75;
210404;0400;;;32,21;
210404;0500;;;29,64;
210404;0600;;;20,93;
210404;0700;;;18,37;
210404;0800;;;16,4;
210404;0900;;;19,21;
210404;1000;;;11,32;
210404;1100;;;6,43;
210404;1200;;;7,77;
210404;1300;;;7,32;
210404;1400;;;8,5;
210404;1500;;;8,91;
210404;1600;;;7,48;
210404;1700;;;7,63;
210404;1800;;;10,12;
210404;1900;;;12,19;
210404;2000;;;13,4;
210404;2100;;;9,91;
210404;2200;;;7,05;
210404;2300;;;5,49;
210405;0000;;;4,19;
210405;0100;;;2,79;
210405;0200;;;2,22;
210405;0300;;;2,21;
210405;0400;;;2,14;
210405;0500;;;2,13;
210405;0600;;;5,46;
210405;0700;;;5,46;
210405;0800;;;4,07;
210405;0900;;;4,94;
210405;1000;;;6,83;
210405;1100;;;8,11;
210405;1200;;;8,32001;
210405;1300;;;7,59;
210405;1400;;;7,38;
210405;1500;;;7,39;
210405;1600;;;9,53;
210405;1700;;;9,59;
210405;1800;;;11,85;
210405;1900;;;13,45;
210405;2000;;;11,47;
210405;2100;;;6,83;
210405;2200;;;6,9;
210405;2300;;;5,07;
210406;0000;;;3,66;
210406;0100;;;3,15;
210406;0200;;;3,28;
210406;0300;;;2,73;
210406;0400;;;2,86;
210406;0500;;;3,5;
210406;0600;;;5,3;
210406;0700;;;5,12;
210406;0800;;;4,78;
210406;0900;;;4,82;
210406;1000;;;6,47;
210406;1100;;;4,88;
210406;1200;;;5,38;
210406;1300;;;5,56;
210406;1400;;;7,72;
210406;1500;;;11,13;
210406;1600;;;8,64;
210406;1700;;;10,71;
210406;1800;;;18,33;
210406;1900;;;33,45;
210406;2000;;;43,19;
210406;2100;;;78,14;
210406;2200;;;60,83;
210406;2300;;;51,87;
210407;0000;;;33,01;
210407;0100;;;49,75;
210407;0200;;;54,56;
210407;0300;;;45,96;
210407;0400;;;31,62;
210407;0500;;;35,18;
210407;0600;;;23,62;
210407;0700;;;22,09;
210407;0800;;;24,13;
210407;0900;;;32,98;
210407;1000;;;59,6;
210407;1100;;;51,18;
210407;1200;;;49,99;
210407;1300;;;30,39;
210407;1400;;;12,99;
210407;1500;;;9,43001;
210407;1600;;;12,2;
210407;1700;;;16,17;
210407;1800;;;25,98;
210407;1900;;;22,94;
210407;2000;;;40,8;
210407;2100;;;34;
210407;2200;;;37,79;
210407;2300;;;30,85;
210408;0000;;;39,44;
210408;0100;;;59,72;
210408;0200;;;33,43;
210408;0300;;;26,61;
210408;0400;;;36;
210408;0500;;;20,76;
210408;0600;;;38,86;
210408;0700;;;35,1;
210408;0800;;;38,93;
210408;0900;;;22,5;
210408;1000;;;12,8;
210408;1100;;;;
210408;1200;;;;
210408;1300;;;15,99;
210408;1400;;;12,98;
210408;1500;;;16,58;
210408;1600;;;11,4;
210408;1700;;;10,87;
210408;1800;;;20,24;
210408;1900;;;43,75;
210408;2000;;;25,26;
210408;2100;;;17,01;
210408;2200;;;21,98;
210408;2300;;;10,03;
210409;0000;;;16,68;
210409;0100;;;18,77;
210409;0200;;;24,59;
210409;0300;;;9,53;
210409;0400;;;9,62;
210409;0500;;;4,69;
210409;0600;;;22,22;
210409;0700;;;53,22;
210409;0800;;;55,33;
210409;0900;;;48,15;
210409;1000;;;36,92;
210409;1100;;;40,07;
210409;1200;;;44,28;
210409;1300;;;49,88;
210409;1400;;;29,66;
210409;1500;;;23,38;
210409;1600;;;17,83;
210409;1700;;;20,49;
210409;1800;;;32,26;
210409;1900;;;22,47;
210409;2000;;;25,87;
210409;2100;;;13,89;
210409;2200;;;22,79;
210409;2300;;;26,17;
210410;0000;;;32,27;
210410;0100;;;27,32;
210410;0200;;;17,64;
210410;0300;;;18,57;
210410;0400;;;20,89;
210410;0500;;;22,91;
210410;0600;;;37,93;
210410;0700;;;76,42;
210410;0800;;;33,89;
210410;0900;;;36,77;
210410;1000;;;28,25;
210410;1100;;;38,1;
210410;1200;;;25,23;
210410;1300;;;22,08;
210410;1400;;;22,38;
210410;1500;;;11,67;
210410;1600;;;14,83;
210410;1700;;;11,66;
210410;1800;;;26,57;
210410;1900;;;19,71;
210410;2000;;;17,1;
210410;2100;;;9,59;
210410;2200;;;14,91;
210410;2300;;;17,93;
210411;0000;;;27,06;
210411;0100;;;56,56;
210411;0200;;;71,72;
210411;0300;;;47,84;
210411;0400;;;47,31;
210411;0500;;;30,75;
210411;0600;;;46,07;
210411;0700;;;59,63;
210411;0800;;;30,46;
210411;0900;;;16,71;
210411;1000;;;9,85001;
210411;1100;;;22,46;
210411;1200;;;20,84;
210411;1300;;;5,99;
210411;1400;;;5,03;
210411;1500;;;24,87;
210411;1600;;;43,39;
210411;1700;;;8,64;
210411;1800;;;10,32;
210411;1900;;;11,73;
210411;2000;;;16,1;
210411;2100;;;20,97;
210411;2200;;;15,19;
210411;2300;;;19,9;
210412;0000;;;13,08;
210412;0100;;;11,48;
210412;0200;;;14,95;
210412;0300;;;16,8;
210412;0400;;;22,8;
210412;0500;;;33,88;
210412;0600;;;57,17;
210412;0700;;;128,09;
210412;0800;;;69,55;
210412;0900;;;24,15;
210412;1000;;;30,78;
210412;1100;;;35,45;
210412;1200;;;21,88;
210412;1300;;;9,77;
210412;1400;;;16,31;
210412;1500;;;11,55;
210412;1600;;;32,4;
210412;1700;;;21,27;
210412;1800;;;35,69;
210412;1900;;;49,5;
210412;2000;;;44,62;
210412;2100;;;41,91;
210412;2200;;;22,61;
210412;2300;;;23,31;
210413;0000;;;36,65;
210413;0100;;;35,37;
210413;0200;;;44,62;
210413;0300;;;39,35;
210413;0400;;;43,06;
210413;0500;;;41,25;
210413;0600;;;77,83;
210413;0700;;;91,01;
210413;0800;;;115,93;
210413;0900;;;60,54;
210413;1000;;;71,89;
210413;1100;;;67,27;
210413;1200;;;98,04;
210413;1300;;;33,42;
210413;1400;;;34,01;
210413;1500;;;35,92;
210413;1600;;;26,26;
210413;1700;;;24,62;
210413;1800;;;26,61;
210413;1900;;;24,36;
210413;2000;;;32,94;
210413;2100;;;25,32;
210413;2200;;;18,11;
210413;2300;;;18,41;
210414;0000;;;20,25;
210414;0100;;;23,01;
210414;0200;;;25,92;
210414;0300;;;9,25999;
210414;0400;;;12,27;
210414;0500;;;12,06;
210414;0600;;;7,77;
210414;0700;;;6,38;
210414;0800;;;7,45;
210414;0900;;;6,37;
210414;1000;;;14,2;
210414;1100;;;21,55;
210414;1200;;;23,35;
210414;1300;;;10,29;
210414;1400;;;7,67;
210414;1500;;;7,48;
210414;1600;;;8,13;
210414;1700;;;11,46;
210414;1800;;;14,93;
210414;1900;;;8,67;
210414;2000;;;21,27;
210414;2100;;;36,27;
210414;2200;;;20,96;
210414;2300;;;16,46;
210415;0000;;;25,63;
210415;0100;;;25,45;
210415;0200;;;22,29;
210415;0300;;;33,76;
210415;0400;;;23,72;
210415;0500;;;25,02;
210415;0600;;;38,61;
210415;0700;;;48,49;
210415;0800;;;55,88;
210415;0900;;;55,12;
210415;1000;;;43,98;
210415;1100;;;39,83;
210415;1200;;;37,98;
210415;1300;;;24,24;
210415;1400;;;9,75999;
210415;1500;;;10,59;
210415;1600;;;8,00999;
210415;1700;;;16,03;
210415;1800;;;23,83;
210415;1900;;;23,6;
210415;2000;;;20,33;
210415;2100;;;17,29;
210415;2200;;;18,28;
210415;2300;;;13,25;
210416;0000;;;14,83;
210416;0100;;;10,93;
210416;0200;;;11,78;
210416;0300;;;15,83;
210416;0400;;;12,59;
210416;0500;;;11,45;
210416;0600;;;22,8;
210416;0700;;;58,4;
210416;0800;;;79,83;
210416;0900;;;40,46;
210416;1000;;;27,99;
210416;1100;;;;
210416;1200;;;;
210416;1300;;;;
210416;1400;;;52,73;
210416;1500;;;49,09;
210416;1600;;;46,14;
210416;1700;;;69,33;
210416;1800;;;54,53;
210416;1900;;;60,16;
210416;2000;;;36,91;
210416;2100;;;73,45;
210416;2200;;;46,83;
210416;2300;;;26,37;
210417;0000;;;39,43;
210417;0100;;;49,83;
210417;0200;;;38,96;
210417;0300;;;42,14;
210417;0400;;;55,36;
210417;0500;;;50,7;
210417;0600;;;54,31;
210417;0700;;;98,63;
210417;0800;;;65,17;
210417;0900;;;31,38;
210417;1000;;;29,1;
210417;1100;;;25,94;
210417;1200;;;11,15;
210417;1300;;;9,18001;
210417;1400;;;8,58;
210417;1500;;;10,2;
210417;1600;;;8,68001;
210417;1700;;;10,4;
210417;1800;;;17,03;
210417;1900;;;19,16;
210417;2000;;;12,77;
210417;2100;;;11,17;
210417;2200;;;9,91;
210417;2300;;;10,37;
210418;0000;;;8,45;
210418;0100;;;6,41;
210418;0200;;;7,45;
210418;0300;;;10,36;
210418;0400;;;6,75;
210418;0500;;;6,11;
210418;0600;;;9,58;
210418;0700;;;9,72;
210418;0800;;;3,37;
210418;0900;;;2,65;
210418;1000;;;3,56;
210418;1100;;;4,83;
210418;1200;;;7,43;
210418;1300;;;6,42;
210418;1400;;;5,34;
210418;1500;;;6,77;
210418;1600;;;10,01;
210418;1700;;;13,07;
210418;1800;;;11,93;
210418;1900;;;12,23;
210418;2000;;;22,65;
210418;2100;;;19,62;
210418;2200;;;17,54;
210418;2300;;;20,96;
210419;0000;;;19,91;
210419;0100;;;10,37;
210419;0200;;;5,49;
210419;0300;;;2,88;
210419;0400;;;3,81;
210419;0500;;;3,51;
210419;0600;;;6,19;
210419;0700;;;3,39;
210419;0800;;;5,26;
210419;0900;;;6,52;
210419;1000;;;6,67;
210419;1100;;;6,76;
210419;1200;;;7,39;
210419;1300;;;9,02;
210419;1400;;;9,14;
210419;1500;;;11,77;
210419;1600;;;8,50999;
210419;1700;;;10,18;
210419;1800;;;10,35;
210419;1900;;;8,10001;
210419;2000;;;7,67;
210419;2100;;;5,49;
210419;2200;;;4,45;
210419;2300;;;3,26;
210420;0000;;;2,8;
210420;0100;;;2,36;
210420;0200;;;1,96;
210420;0300;;;1,56;
210420;0400;;;1,94;
210420;0500;;;2,23;
210420;0600;;;4,4;
210420;0700;;;6,11;
210420;0800;;;4,76;
210420;0900;;;;
210420;1000;;;;
210420;1100;;;3,47;
210420;1200;;;27,51;
210420;1300;;;22,06;
210420;1400;;;18,57;
210420;1500;;;12,92;
210420;1600;;;17,49;
210420;1700;;;17,82;
210420;1800;;;12,37;
210420;1900;;;7,65;
210420;2000;;;5;
210420;2100;;;7,33;
210420;2200;;;14,43;
210420;2300;;;3,61;
210421;0000;;;4,64;
210421;0100;;;3,4;
210421;0200;;;3,24;
210421;0300;;;2,83;
210421;0400;;;3,06;
210421;0500;;;3,16;
210421;0600;;;4,2;
210421;0700;;;6,1;
210421;0800;;;6,4;
210421;0900;;;5,34;
210421;1000;;;5,42;
210421;1100;;;14,85;
210421;1200;;;8,17;
210421;1300;;;4,05;
210421;1400;;;7,69;
210421;1500;;;13,94;
210421;1600;;;22,16;
210421;1700;;;25,72;
210421;1800;;;19,11;
210421;1900;;;31,1;
210421;2000;;;20,73;
210421;2100;;;10,45;
210421;2200;;;15,15;
210421;2300;;;7,09;
210422;0000;;;15;
210422;0100;;;10,69;
210422;0200;;;11,91;
210422;0300;;;8,81;
210422;0400;;;9,50999;
210422;0500;;;14,73;
210422;0600;;;15,2;
210422;0700;;;22,45;
210422;0800;;;39,92;
210422;0900;;;31,17;
210422;1000;;;56,7;
210422;1100;;;33,2;
210422;1200;;;20,06;
210422;1300;;;13,65;
210422;1400;;;6,41;
210422;1500;;;8,7;
210422;1600;;;9,25;
210422;1700;;;11,93;
210422;1800;;;17,76;
210422;1900;;;31,03;
210422;2000;;;31,49;
210422;2100;;;21,84;
210422;2200;;;11,42;
210422;2300;;;29,27;
210423;0000;;;14,6;
210423;0100;;;29,63;
210423;0200;;;17,2;
210423;0300;;;24,9;
210423;0400;;;28,82;
210423;0500;;;21,57;
210423;0600;;;64,9401;
210423;0700;;;;
210423;0800;;;;
210423;0900;;;35,46;
210423;1000;;;33,68;
210423;1100;;;30,22;
210423;1200;;;33,13;
210423;1300;;;37,68;
210423;1400;;;9,18001;
210423;1500;;;24,17;
210423;1600;;;35,25;
210423;1700;;;17,78;
210423;1800;;;19,12;
210423;1900;;;18,81;
210423;2000;;;32,87;
210423;2100;;;25,94;
210423;2200;;;22,59;
210423;2300;;;38,44;
210424;0000;;;21,74;
210424;0100;;;17,19;
210424;0200;;;19,26;
210424;0300;;;25,84;
210424;0400;;;28,49;
210424;0500;;;23,91;
210424;0600;;;31,42;
210424;0700;;;35,02;
210424;0800;;;34,01;
210424;0900;;;49,87;
210424;1000;;;56,07;
210424;1100;;;56,86;
210424;1200;;;40,84;
210424;1300;;;23,14;
210424;1400;;;14,29;
210424;1500;;;16,08;
210424;1600;;;17,58;
210424;1700;;;25,19;
210424;1800;;;23,11;
210424;1900;;;20,33;
210424;2000;;;19,42;
210424;2100;;;29,15;
210424;2200;;;29,19;
210424;2300;;;23,01;
210425;0000;;;24,91;
210425;0100;;;26,3;
210425;0200;;;35,73;
210425;0300;;;37,35;
210425;0400;;;35,21;
210425;0500;;;42,63;
210425;0600;;;56,62;
210425;0700;;;81,8;
210425;0800;;;55,78;
210425;0900;;;29,98;
210425;1000;;;29,78;
210425;1100;;;16,94;
210425;1200;;;27,3;
210425;1300;;;18,29;
210425;1400;;;18,06;
210425;1500;;;30,48;
210425;1600;;;9,49001;
210425;1700;;;11,3;
210425;1800;;;17,36;
210425;1900;;;10,68;
210425;2000;;;13,4;
210425;2100;;;13,6;
210425;2200;;;11,5;
210425;2300;;;12,9;
210426;0000;;;8,63;
210426;0100;;;7,73;
210426;0200;;;12,4;
210426;0300;;;18,1;
210426;0400;;;10,71;
210426;0500;;;11,73;
210426;0600;;;13,87;
210426;0700;;;13,92;
210426;0800;;;10,89;
210426;0900;;;19,55;
210426;1000;;;92,95;
210426;1100;;;91,17;
210426;1200;;;94,8;
210426;1300;;;41,82;
210426;1400;;;26,99;
210426;1500;;;15,95;
210426;1600;;;24,49;
210426;1700;;;40,95;
210426;1800;;;35;
210426;1900;;;40,3;
210426;2000;;;35,11;
210426;2100;;;29,35;
210426;2200;;;30,87;
210426;2300;;;37,99;
210427;0000;;;27,51;
210427;0100;;;40,13;
210427;0200;;;30,69;
210427;0300;;;12,96;
210427;0400;;;16,26;
210427;0500;;;20,83;
210427;0600;;;49,12;
210427;0700;;;81,97;
210427;0800;;;54,41;
210427;0900;;;44,82;
210427;1000;;;27,24;
210427;1100;;;38,95;
210427;1200;;;27,86;
210427;1300;;;14,46;
210427;1400;;;8,85001;
210427;1500;;;11,26;
210427;1600;;;24,35;
210427;1700;;;17,86;
210427;1800;;;51,93;
210427;1900;;;29,71;
210427;2000;;;22,24;
210427;2100;;;22,53;
210427;2200;;;28,31;
210427;2300;;;37,77;
210428;0000;;;40,52;
210428;0100;;;58,78;
210428;0200;;;55,79;
210428;0300;;;45,6;
210428;0400;;;58,76;
210428;0500;;;52,65;
210428;0600;;;64,13;
210428;0700;;;;
210428;0800;;;;
210428;0900;;;92,14;
210428;1000;;;96,16;
210428;1100;;;57,15;
210428;1200;;;31,18;
210428;1300;;;14,23;
210428;1400;;;11,16;
210428;1500;;;11,03;
210428;1600;;;47,04;
210428;1700;;;37,08;
210428;1800;;;32,5;
210428;1900;;;24,39;
210428;2000;;;19,89;
210428;2100;;;15,72;
210428;2200;;;28,55;
210428;2300;;;38,64;
210429;0000;;;64,98;
210429;0100;;;80,77;
210429;0200;;;68,25;
210429;0300;;;37,17;
210429;0400;;;28,96;
210429;0500;;;23,71;
210429;0600;;;14,57;
210429;0700;;;5,39;
210429;0800;;;35,34;
210429;0900;;;25,28;
210429;1000;;;;
210429;1100;;;;
210429;1200;;;22,46;
210429;1300;;;12,42;
210429;1400;;;7,71;
210429;1500;;;8,45;
210429;1600;;;11,95;
210429;1700;;;14,52;
210429;1800;;;17,83;
210429;1900;;;21,19;
210429;2000;;;26,21;
210429;2100;;;13,97;
210429;2200;;;13,69;
210429;2300;;;11,71;
210430;0000;;;7,9;
210430;0100;;;4,54;
210430;0200;;;6,64;
210430;0300;;;7,67;
210430;0400;;;4,46;
210430;0500;;;2,57;
210430;0600;;;4,24;
210430;0700;;;5,13;
210430;0800;;;2,42;
210430;0900;;;2,87;
210430;1000;;;7,39;
210430;1100;;;6,46;
210430;1200;;;6,7;
210430;1300;;;6,59;
210430;1400;;;6,76;
210430;1500;;;6,27;
210430;1600;;;7,77;
210430;1700;;;11,25;
210430;1800;;;9,02;
210430;1900;;;7,28;
210430;2000;;;6,15;
210430;2100;;;3,76;
210430;2200;;;2,19;
210430;2300;;;1;
210501;0000;;;1;
210501;0100;;;1;
210501;0200;;;1;
210501;0300;;;1;
210501;0400;;;1;
210501;0500;;;1;
210501;0600;;;1;
210501;0700;;;1;
210501;0800;;;1;
210501;0900;;;1;
210501;1000;;;1;
210501;1100;;;1;
210501;1200;;;1,42;
210501;1300;;;1,72;
210501;1400;;;2,17;
210501;1500;;;5,44;
210501;1600;;;7,44;
210501;1700;;;13,42;
210501;1800;;;15,48;
210501;1900;;;15,28;
210501;2000;;;9,63;
210501;2100;;;9,71001;
210501;2200;;;2,55;
210501;2300;;;1,02;
210502;0000;;;1;
210502;0100;;;1;
210502;0200;;;1;
210502;0300;;;1,39;
210502;0400;;;2,93;
210502;0500;;;1,08;
210502;0600;;;4,73;
210502;0700;;;7;
210502;0800;;;1;
210502;0900;;;2,22;
210502;1000;;;27,31;
210502;1100;;;39,87;
210502;1200;;;17,83;
210502;1300;;;8,39999;
210502;1400;;;13,86;
210502;1500;;;21,04;
210502;1600;;;39,89;
210502;1700;;;44,09;
210502;1800;;;26,13;
210502;1900;;;19,76;
210502;2000;;;14,76;
210502;2100;;;7,81;
210502;2200;;;12,15;
210502;2300;;;14,35;
210503;0000;;;19,48;
210503;0100;;;24,14;
210503;0200;;;19,69;
210503;0300;;;13,74;
210503;0400;;;5,8;
210503;0500;;;6,86;
210503;0600;;;24,55;
210503;0700;;;12,43;
210503;0800;;;7,89;
210503;0900;;;5,29;
210503;1000;;;7,74;
210503;1100;;;15,7;
210503;1200;;;10,5;
210503;1300;;;1;
210503;1400;;;12,41;
210503;1500;;;17,77;
210503;1600;;;26,61;
210503;1700;;;30,04;
210503;1800;;;10,83;
210503;1900;;;12,29;
210503;2000;;;15,79;
210503;2100;;;32,05;
210503;2200;;;34,37;
210503;2300;;;33,59;
210504;0000;;;43,59;
210504;0100;;;32,51;
210504;0200;;;26,69;
210504;0300;;;21,9;
210504;0400;;;27,54;
210504;0500;;;38,93;
210504;0600;;;64,16;
210504;0700;;;43,41;
210504;0800;;;75,73;
210504;0900;;;51,38;
210504;1000;;;20,86;
210504;1100;;;29,15;
210504;1200;;;24,65;
210504;1300;;;6,08;
210504;1400;;;9,17;
210504;1500;;;7,75;
210504;1600;;;12,06;
210504;1700;;;36,3;
210504;1800;;;63,82;
210504;1900;;;26,47;
210504;2000;;;28,31;
210504;2100;;;40,81;
210504;2200;;;54,14;
210504;2300;;;66,08;
210505;0000;;;32,13;
210505;0100;;;52,38;
210505;0200;;;25,85;
210505;0300;;;23,22;
210505;0400;;;7,37;
210505;0500;;;14,6;
210505;0600;;;61,78;
210505;0700;;;83,65;
210505;0800;;;;
210505;0900;;;69,1901;
210505;1000;;;22,59;
210505;1100;;;33,9;
210505;1200;;;25,34;
210505;1300;;;12,98;
210505;1400;;;25,44;
210505;1500;;;12,47;
210505;1600;;;17,17;
210505;1700;;;20,12;
210505;1800;;;31,02;
210505;1900;;;56,31;
210505;2000;;;32,94;
210505;2100;;;50,93;
210505;2200;;;77,12;
210505;2300;;;48,65;
210506;0000;;;81,72;
210506;0100;;;49,73;
210506;0200;;;56,5;
210506;0300;;;48,92;
210506;0400;;;44,93;
210506;0500;;;66,21;
210506;0600;;;78,67;
210506;0700;;;128,34;
210506;0800;;;146,57;
210506;0900;;;142,11;
210506;1000;;;77,26;
210506;1100;;;42,85;
210506;1200;;;;
210506;1300;;;;
210506;1400;;;;
210506;1500;;;7,9;
210506;1600;;;19,89;
210506;1700;;;27,08;
210506;1800;;;70,64;
210506;1900;;;105,74;
210506;2000;;;89,55;
210506;2100;;;49,7;
210506;2200;;;68,61;
210506;2300;;;69,39;
210507;0000;;;57,02;
210507;0100;;;51,62;
210507;0200;;;57,84;
210507;0300;;;45,32;
210507;0400;;;19,01;
210507;0500;;;7,88;
210507;0600;;;15,49;
210507;0700;;;23,7;
210507;0800;;;30,27;
210507;0900;;;45,87;
210507;1000;;;42,26;
210507;1100;;;18,55;
210507;1200;;;16,05;
210507;1300;;;12,79;
210507;1400;;;12,2;
210507;1500;;;8,73;
210507;1600;;;13,64;
210507;1700;;;17,91;
210507;1800;;;25,19;
210507;1900;;;12,83;
210507;2000;;;8,86;
210507;2100;;;5,44;
210507;2200;;;2,35;
210507;2300;;;23,76;
210508;0000;;;11,04;
210508;0100;;;1,94;
210508;0200;;;1;
210508;0300;;;1;
210508;0400;;;1;
210508;0500;;;1;
210508;0600;;;1;
210508;0700;;;2,07;
210508;0800;;;4,16;
210508;0900;;;1;
210508;1000;;;2,47;
210508;1100;;;4,64;
210508;1200;;;9,47;
210508;1300;;;5,87;
210508;1400;;;4,38;
210508;1500;;;3,78;
210508;1600;;;4,52;
210508;1700;;;9,71001;
210508;1800;;;21,59;
210508;1900;;;15,31;
210508;2000;;;28,44;
210508;2100;;;36,22;
210508;2200;;;17,34;
210508;2300;;;12,81;
210509;0000;;;12,84;
210509;0100;;;10,54;
210509;0200;;;16,38;
210509;0300;;;25,57;
210509;0400;;;12,02;
210509;0500;;;15,79;
210509;0600;;;20,71;
210509;0700;;;32,84;
210509;0800;;;44,52;
210509;0900;;;31,73;
210509;1000;;;13,9;
210509;1100;;;9,91;
210509;1200;;;4,01;
210509;1300;;;3,78;
210509;1400;;;7,21;
210509;1500;;;2,89;
210509;1600;;;12,36;
210509;1700;;;7,82;
210509;1800;;;5,44;
210509;1900;;;10,16;
210509;2000;;;4,5;
210509;2100;;;13,36;
210509;2200;;;19,14;
210509;2300;;;18,55;
